100
1000
25 25
8 54
82 23
67 44
91 21
50 77
93 21
6 97
97 71
17 93
62 80
96 27
97 51
22 42
85 32
87 71
48 38
19 74
38 77
3 18
75 27
35 9
97 81
49 25
85 14
80 82
13 100
21 62
26 19
11 32
63 63
47 23
61 43
7 78
71 78
16 40
55 81
21 84
31 87
21 11
1 28
97 30
42 18
10 87
29 85
13 62
29 48
94 90
84 65
49 70
86 6
15 54
57 35
42 69
8 49
96 39
21 31
30 94
93 37
97 92
72 48
97 3
7 11
87 16
69 59
50 62
64 100
25 81
92 45
3 36
30 80
59 23
42 60
17 33
82 88
44 91
95 47
27 68
13 87
46 42
27 6
65 13
63 10
75 70
86 53
71 79
59 88
88 25
2 77
48 15
40 60
95 8
62 4
52 14
28 24
8 54
89 84
2 66
70 38
57 60
29 53
58 23
39 36
71 15
70 93
23 78
3 73
12 41
40 52
50 68
93 84
85 74
100 17
74 41
54 25
86 47
56 88
64 39
24 79
77 36
18 31
53 39
70 41
90 83
67 21
35 38
72 72
14 91
29 7
81 92
99 72
54 98
99 49
59 12
8 100
1 88
28 90
48 34
82 45
87 22
16 26
3 84
23 82
12 66
87 10
97 57
81 67
13 14
2 77
61 58
72 39
50 48
21 33
99 2
52 24
74 51
21 54
94 1
52 95
53 23
85 58
67 69
51 43
50 45
7 63
67 51
65 83
100 54
38 61
27 19
9 39
12 15
1 35
40 33
93 49
38 47
80 57
27 91
63 36
13 49
43 12
28 3
77 55
70 45
81 87
67 3
92 15
34 8
97 4
95 61
64 16
84 11
89 69
50 22
57 84
9 5
29 36
32 25
22 97
62 100
25 63
43 41
73 52
75 1
98 64
55 15
36 30
83 82
6 41
49 65
28 88
89 77
57 98
23 37
3 27
36 78
27 8
36 32
47 71
44 21
66 96
49 52
63 7
4 17
81 1
61 80
52 67
77 35
65 62
14 63
71 34
90 27
74 99
28 8
67 62
56 74
64 74
52 3
18 64
76 66
45 40
51 86
24 45
26 52
72 5
25 93
69 18
87 16
2 7
46 5
80 38
95 76
88 38
2 95
49 76
85 94
1 8
90 63
15 13
93 76
52 93
24 49
47 40
67 42
63 39
52 29
20 49
83 76
23 19
67 30
15 74
87 30
35 85
71 28
62 54
21 56
50 6
61 27
100 90
94 36
26 32
68 67
66 30
23 36
93 24
69 93
80 69
82 72
31 80
9 25
5 72
74 93
17 61
56 32
90 91
11 59
58 81
34 31
91 45
84 34
84 67
28 89
93 18
1 2
10 87
52 81
99 88
59 27
20 88
24 6
11 20
62 97
40 86
92 67
22 73
14 96
17 36
47 77
72 43
57 93
18 63
78 47
94 92
47 82
27 68
32 38
71 74
40 11
90 39
55 70
37 2
85 59
23 23
62 60
17 47
16 51
71 3
28 23
68 40
84 32
60 72
77 67
43 79
35 32
2 29
31 69
33 69
27 10
43 37
89 54
24 77
75 48
91 3
11 14
99 13
30 58
15 52
96 65
49 64
27 73
77 75
74 90
2 66
24 51
95 22
30 73
48 8
53 68
34 53
6 59
61 21
50 25
41 49
65 85
73 40
76 93
68 92
72 48
97 51
8 17
32 22
78 35
88 48
49 77
67 79
52 48
37 97
62 56
14 93
20 16
19 74
71 43
67 77
44 18
39 83
5 23
48 33
5 50
35 36
63 33
82 79
72 93
50 82
94 18
77 89
10 74
32 48
73 23
29 25
42 90
45 59
45 5
17 53
81 57
75 5
41 12
63 17
50 72
79 70
100 13
98 77
98 69
18 64
93 50
32 3
47 71
64 50
95 100
94 78
42 65
45 52
95 1
72 39
41 2
14 93
66 100
33 84
77 54
81 44
88 85
100 50
83 60
39 5
48 94
50 88
58 53
50 47
25 92
30 24
8 50
80 59
16 46
98 86
78 22
97 24
4 33
10 83
9 10
63 47
98 99
33 57
86 11
36 29
84 93
32 99
17 30
50 10
9 29
98 99
100 54
55 69
82 44
100 5
8 70
52 48
92 41
18 56
51 14
21 86
5 88
28 72
93 69
55 56
53 30
74 45
47 25
72 28
76 86
43 56
96 78
51 97
76 56
93 27
12 74
81 1
71 58
27 1
60 51
25 65
26 17
95 66
89 22
6 28
79 22
29 11
55 99
6 75
16 52
78 88
38 45
95 93
14 11
10 5
40 83
85 64
82 83
73 75
14 36
97 55
20 24
29 7
92 37
75 2
55 19
8 27
23 22
85 12
27 83
55 60
24 45
77 100
83 85
88 81
92 8
48 70
55 53
29 90
80 13
72 27
95 97
78 41
68 62
87 16
27 42
7 99
42 25
83 22
48 12
95 11
9 58
3 86
22 37
69 49
97 83
52 46
100 50
84 55
97 71
1 20
36 90
76 86
1 83
61 70
26 14
22 33
31 55
38 44
91 74
32 85
2 70
98 91
73 61
37 50
7 62
34 90
93 99
84 25
7 7
44 10
59 89
73 69
29 29
35 44
58 83
84 12
26 36
64 37
100 83
81 7
60 61
38 34
68 57
89 70
30 90
27 18
100 80
96 68
4 51
23 12
97 25
11 10
33 88
7 62
79 75
14 67
70 62
44 26
66 78
56 4
64 39
12 40
92 61
87 44
74 7
75 41
97 85
25 41
100 62
86 49
18 28
11 99
67 98
47 13
1 69
26 25
86 62
3 40
32 74
5 66
60 23
27 88
19 96
45 17
78 10
69 1
65 18
63 77
42 55
98 19
44 43
60 28
47 59
62 38
34 21
33 12
73 33
93 63
84 34
58 12
23 27
68 49
86 64
81 80
19 46
86 96
55 90
2 4
95 89
89 80
3 87
48 24
66 90
95 87
26 3
92 1
75 68
52 20
19 3
6 100
29 61
44 23
8 94
52 40
22 48
14 79
23 43
10 77
78 51
80 16
58 95
90 53
81 67
76 39
88 84
85 5
31 61
5 23
24 83
66 25
48 51
50 1
10 74
80 32
13 1
22 70
54 20
1 5
73 2
12 71
59 45
44 44
8 2
63 8
51 40
48 52
29 67
11 76
42 7
13 21
86 34
23 75
54 57
1 87
41 9
9 22
18 74
81 36
70 54
9 63
35 7
85 72
77 20
59 65
74 55
59 52
98 50
84 81
16 72
7 7
10 56
15 72
66 56
22 87
16 71
92 12
70 21
97 79
99 94
78 25
48 24
29 71
78 90
7 30
84 63
76 14
31 36
55 93
60 91
95 27
25 47
16 55
52 84
91 39
43 15
16 15
92 34
1 3
78 88
65 26
68 91
76 52
92 63
25 38
53 77
36 48
34 12
14 20
43 8
92 18
52 74
69 79
33 10
87 22
95 99
15 63
88 75
31 46
26 21
55 66
55 44
8 61
61 26
58 29
21 99
60 97
44 49
64 36
31 48
46 73
36 13
83 78
4 74
8 82
55 3
60 41
17 59
94 15
82 77
89 63
29 6
24 46
96 20
9 89
98 33
73 54
47 28
75 61
74 5
89 59
11 53
3 84
34 45
92 33
56 95
9 90
50 15
51 54
28 29
29 12
66 2
29 62
92 81
35 89
57 13
37 40
26 16
49 64
97 91
33 98
11 66
94 92
32 9
29 1
4 22
32 96
97 59
2 26
29 78
71 63
79 40
85 65
38 46
95 72
16 33
93 92
98 28
87 57
37 5
62 87
10 7
58 93
69 72
55 22
93 86
51 28
62 68
60 70
29 78
24 56
50 68
56 72
87 16
53 61
72 77
18 84
55 96
7 40
39 24
34 21
87 98
32 78
46 29
11 70
38 32
43 73
35 3
49 41
76 18
28 53
68 53
40 27
97 57
87 14
39 90
94 41
28 93
90 52
75 78
99 54
32 62
42 36
67 87
16 62
18 28
60 64
95 55
9 79
84 20
52 89
64 15
83 43
53 4
36 73
45 19
47 37
37 67
49 74
29 15
5 15
87 28
27 22
37 39
38 72
99 6
98 14
47 7
78 55
58 85
21 41
40 83
67 87
71 63
77 81
13 88
21 30
66 27
75 4
86 67
56 51
64 96
65 91
34 1
71 98
28 33
20 68
61 58
33 92
44 94
50 46
39 13
73 94
83 74
86 39
34 31
56 41
91 68
42 100
9 4
80 49
38 55
62 7
64 34
35 52
8 3
25 19
64 14
49 99
89 70
87 66
60 65
50 11
34 41
13 25
5 93
53 14
95 32
40 65
5 60
17 14
20 69
39 72
35 26
99 80
69 68
65 78
74 32
63 6
20 74
51 29
51 4
19 12
20 95
26 75
7 7
59 8
54 67
20 85
1 26
22 78
58 75
44 74
73 94
1 37
64 12
73 46
63 92
99 57
96 30
57 83
72 98
