1000
10000
585 421
921 409
163 998
848 570
352 802
886 660
984 726
141 692
251 524
431 610
139 510
869 857
509 842
506 157
666 111
528 563
712 389
6 537
308 420
415 902
854 893
644 879
129 113
713 930
691 467
146 570
505 371
297 602
287 381
529 857
483 698
342 697
368 263
117 126
310 854
207 306
550 549
632 890
250 92
651 780
823 916
907 58
105 140
419 606
340 947
442 433
982 998
659 93
69 634
834 356
142 71
4 904
451 587
915 443
241 887
803 167
922 926
231 336
580 191
948 280
636 285
972 418
949 182
411 739
636 178
850 477
331 28
929 493
747 63
79 246
182 910
263 939
115 357
866 818
913 91
125 766
335 296
854 674
186 817
538 242
503 501
131 674
932 427
32 30
330 301
696 146
207 393
887 201
942 326
669 355
179 821
38 931
205 171
918 365
123 232
21 463
749 311
646 949
553 711
400 740
210 901
285 451
105 616
524 423
71 823
832 978
196 116
315 809
914 189
172 767
651 918
94 124
718 499
573 908
96 782
452 449
69 230
162 286
770 210
635 556
409 784
203 161
430 366
716 446
407 651
916 851
981 484
608 589
503 336
944 410
798 953
384 388
352 657
888 912
568 704
792 206
507 649
104 153
917 908
817 652
17 735
221 842
604 985
754 211
611 301
54 996
43 94
587 412
181 847
736 180
374 519
948 657
765 321
283 551
117 945
634 335
263 955
89 617
46 794
871 656
922 353
888 107
250 583
889 652
596 15
66 473
816 237
247 729
842 333
494 479
194 419
804 496
902 664
988 449
744 875
952 795
281 299
464 653
771 931
733 750
544 589
259 29
659 661
356 869
526 223
135 161
656 377
976 171
733 44
894 522
237 824
540 273
20 277
702 77
187 490
119 628
922 448
485 643
114 260
607 677
118 611
610 533
808 120
956 480
57 223
30 127
335 414
459 39
212 546
661 993
961 248
647 840
307 126
383 119
489 480
163 674
469 299
464 452
367 752
983 53
699 160
47 329
182 281
245 622
64 428
726 970
542 872
723 105
843 610
702 86
782 42
790 775
204 730
515 484
663 16
914 258
175 22
835 827
167 263
223 494
52 666
839 758
204 86
886 964
713 760
75 966
674 31
861 192
468 748
19 167
252 602
430 806
603 147
62 633
269 531
991 215
420 244
194 81
790 367
678 296
369 956
42 597
652 665
160 500
330 33
53 845
851 86
504 991
917 377
602 386
836 693
784 797
677 606
691 612
660 153
598 598
378 665
368 509
165 895
253 555
510 323
734 757
517 873
441 835
847 777
583 211
962 479
818 81
661 119
692 807
450 896
424 450
355 987
244 256
83 863
616 520
641 641
627 315
603 214
394 665
810 312
443 372
581 248
804 714
611 683
5 609
546 950
83 513
109 623
314 825
835 822
89 924
480 991
154 831
827 785
231 655
128 462
826 985
92 870
556 587
771 385
542 78
57 643
334 998
845 721
399 661
606 497
80 939
742 438
684 740
15 772
515 58
898 230
803 148
890 566
316 650
382 128
966 508
179 614
408 78
515 295
543 333
730 640
217 730
698 759
365 574
537 547
565 54
947 903
889 301
243 815
902 285
794 545
701 150
588 449
878 287
346 279
296 456
997 465
925 872
984 288
583 742
752 917
586 878
243 179
222 284
347 304
865 283
47 553
233 920
743 775
965 257
682 768
893 670
217 363
801 677
917 366
705 485
169 247
19 970
459 918
124 46
645 414
597 447
526 885
739 377
759 614
970 562
843 388
641 479
868 436
597 704
704 221
307 74
735 873
410 671
490 291
764 557
572 230
424 716
301 112
379 7
611 582
300 961
239 765
503 961
303 420
937 245
814 707
526 784
951 65
475 620
967 462
21 459
183 581
783 96
548 790
671 928
162 371
811 375
693 659
84 904
816 792
12 642
830 666
399 564
104 941
571 825
61 273
976 838
6 970
34 536
428 428
818 515
70 238
160 69
524 539
368 932
7 9
913 132
203 846
394 837
255 998
9 686
527 686
169 313
435 506
508 250
128 244
921 722
120 745
456 672
316 582
204 711
744 120
334 204
259 145
350 282
889 791
524 343
787 903
607 464
854 208
482 546
576 257
311 404
780 749
366 842
1000 79
570 676
151 294
22 554
220 829
679 383
91 131
778 344
512 949
350 961
967 40
765 600
894 391
40 960
385 220
145 627
300 738
817 386
555 459
922 948
340 347
999 662
652 701
153 723
821 642
314 976
432 889
56 234
917 674
422 680
167 790
320 920
584 997
454 22
494 131
489 836
641 543
911 414
280 221
802 877
314 784
162 774
584 356
298 600
83 643
857 167
180 230
15 473
169 271
634 21
637 608
600 289
947 675
470 779
743 360
708 132
769 814
870 113
593 414
202 3
637 590
794 1000
963 392
859 275
807 365
856 515
155 303
777 742
267 683
977 223
547 280
4 672
493 526
708 324
733 715
288 369
387 407
122 660
575 256
871 245
422 950
304 461
933 560
314 814
23 46
988 845
43 132
331 220
255 962
645 724
13 111
227 78
589 928
507 416
832 235
658 28
361 38
17 344
261 624
706 38
768 107
412 172
149 759
483 280
717 101
996 894
388 375
689 467
882 201
708 399
245 498
501 261
736 208
602 191
587 735
220 945
855 599
371 600
889 44
207 790
621 704
75 521
490 959
456 891
742 129
966 197
57 320
809 508
858 475
733 157
983 722
505 327
277 138
341 745
307 144
628 893
167 779
509 429
963 399
960 167
52 739
847 869
388 267
356 564
15 542
869 835
39 356
12 401
986 624
967 529
315 386
798 212
9 863
183 511
738 391
723 840
891 782
460 249
966 559
395 742
36 697
384 390
894 439
601 965
4 264
206 802
142 780
947 258
583 688
915 824
922 515
439 150
344 412
678 758
61 428
722 819
666 457
345 480
292 191
829 410
491 98
127 369
634 758
936 216
108 648
831 787
920 163
432 59
571 728
398 71
652 21
310 455
320 37
900 775
733 557
995 289
312 860
823 263
478 107
384 557
101 852
993 68
795 329
363 5
673 26
826 441
425 11
625 193
555 805
211 40
179 342
258 433
122 524
917 517
468 2
668 543
644 881
664 16
778 254
465 622
636 311
155 341
606 129
703 729
669 343
205 423
653 716
915 785
846 701
233 324
764 234
581 922
473 99
528 533
608 901
597 481
770 497
652 528
781 381
111 829
575 238
475 377
593 202
400 591
87 304
287 489
382 848
574 170
218 890
510 126
494 223
542 31
48 608
32 155
70 543
437 720
594 449
12 468
968 881
444 989
770 14
58 602
641 221
524 836
188 822
615 686
564 824
945 296
675 724
41 943
191 752
866 293
706 862
296 223
812 137
512 11
306 265
667 682
515 478
258 195
517 532
994 209
571 934
175 918
502 688
874 316
179 131
211 398
914 885
804 226
463 650
842 449
217 346
37 511
966 604
791 164
366 624
309 324
267 661
940 498
902 153
667 101
191 481
426 498
461 330
500 970
647 93
447 659
963 68
23 846
607 862
714 880
574 186
585 656
653 677
468 239
388 189
354 451
700 405
748 276
787 639
144 123
31 443
229 647
993 749
160 509
329 229
459 818
404 363
135 503
33 518
326 511
538 281
84 184
273 171
526 196
756 902
456 212
846 454
796 227
103 923
790 98
149 956
407 357
552 263
263 337
832 59
666 198
960 658
723 85
830 537
412 712
384 223
312 369
125 568
83 80
650 816
773 789
593 18
138 997
333 315
911 834
788 587
454 880
123 363
18 39
308 805
150 103
512 726
282 231
444 43
140 979
330 809
479 665
743 685
841 124
678 903
225 99
640 266
696 660
115 1
296 275
76 703
823 186
255 299
529 49
572 231
562 542
102 105
122 233
237 768
134 691
329 675
87 329
23 821
36 501
609 584
688 743
334 959
783 893
366 970
15 381
633 882
953 163
737 488
619 527
999 858
631 107
41 955
91 703
983 380
509 561
591 835
188 899
930 40
187 912
825 316
654 741
91 518
1 241
129 454
614 749
93 270
208 599
270 265
172 815
572 21
563 185
167 230
82 299
360 487
320 856
598 931
502 885
395 699
591 289
925 210
597 688
19 216
256 637
732 63
265 371
448 161
33 970
288 491
841 957
498 838
763 101
781 781
833 15
663 905
141 37
221 159
864 26
321 494
142 431
300 576
479 971
962 918
783 943
530 886
255 835
434 468
427 138
415 800
923 870
22 431
717 412
985 641
443 858
287 346
406 588
158 354
859 595
184 913
405 172
222 830
137 969
634 361
169 477
362 27
562 231
611 960
297 534
933 480
452 479
353 632
201 259
69 92
859 17
502 206
329 224
545 512
286 224
145 426
910 261
263 273
828 397
58 848
566 297
482 531
304 912
584 170
519 190
901 108
22 132
313 926
945 590
656 512
802 947
597 988
897 489
183 858
607 290
892 790
145 857
71 552
525 545
221 899
212 170
328 737
344 388
133 418
866 924
34 528
209 221
550 901
867 339
28 258
673 626
829 633
954 251
918 388
821 821
811 585
935 700
21 248
502 177
71 226
374 719
45 252
95 936
476 810
218 942
785 928
472 900
440 953
519 111
187 849
714 533
951 925
301 806
124 881
344 904
285 508
813 744
39 184
289 849
973 261
712 421
109 260
846 98
46 351
714 346
840 677
568 242
313 331
378 890
193 371
491 844
427 923
67 887
980 452
37 479
687 51
398 259
540 343
740 81
266 502
659 60
808 961
903 852
270 654
548 710
527 324
22 522
283 518
621 568
350 543
210 543
99 40
490 771
304 864
598 282
228 327
75 711
174 549
261 828
450 168
664 911
253 82
216 973
348 756
199 664
340 387
378 846
439 93
720 499
135 294
611 426
749 131
587 828
363 497
924 872
863 620
337 587
961 228
784 765
884 447
127 484
505 599
426 848
440 328
140 522
406 248
694 949
470 925
391 344
717 399
449 485
105 88
160 739
838 119
191 124
136 137
800 313
457 831
626 768
879 931
78 389
817 152
831 130
971 97
434 964
573 740
23 908
474 124
515 55
577 56
951 559
241 673
651 353
797 405
847 784
870 452
716 351
242 355
876 972
197 73
220 291
49 423
294 598
338 667
324 640
375 550
413 761
346 500
580 846
203 726
850 28
527 686
393 976
308 760
610 614
642 438
607 717
866 636
314 917
380 33
680 615
805 47
29 591
783 623
695 764
883 264
633 228
190 230
436 560
357 611
642 943
597 667
998 982
752 160
612 15
932 503
14 806
138 941
805 767
839 395
12 759
592 468
657 549
563 378
34 432
11 591
923 405
832 778
575 426
668 32
590 602
887 316
366 37
201 124
19 864
304 586
676 706
813 259
761 959
152 450
824 980
985 982
566 810
94 252
367 528
799 826
230 468
110 305
526 104
978 770
310 815
462 519
994 357
3 723
91 315
717 815
547 277
779 365
243 426
15 843
235 547
975 730
650 414
96 687
81 673
698 918
387 92
217 695
229 605
557 911
438 305
821 299
510 104
745 698
711 764
418 625
930 567
448 177
979 256
217 285
81 654
983 865
827 161
493 30
182 135
790 404
457 28
739 338
846 870
853 34
503 370
633 516
134 661
697 417
675 518
508 421
982 545
39 751
343 908
801 464
520 733
331 532
258 110
512 344
625 84
509 200
960 533
967 53
263 403
694 118
967 491
421 974
783 895
566 817
891 557
121 520
678 405
277 321
927 758
412 771
738 835
931 701
520 378
310 504
476 458
653 616
194 355
752 529
602 970
966 459
459 922
42 47
851 254
74 525
756 372
189 923
146 237
747 536
624 322
888 951
933 608
403 769
271 739
858 762
394 549
850 7
961 552
844 232
684 772
164 696
772 567
112 823
244 316
846 196
685 939
362 518
845 820
658 547
905 496
5 352
61 649
614 251
49 473
870 962
924 977
845 432
980 766
8 340
381 314
95 657
437 386
507 529
105 824
483 590
403 113
322 391
620 338
834 770
936 304
376 965
309 860
954 812
959 826
16 707
648 589
265 813
584 592
494 619
437 75
17 100
368 672
766 758
764 836
38 983
118 379
1000 672
581 438
964 386
691 543
312 947
303 353
451 513
983 576
629 416
659 227
959 761
447 592
682 297
967 632
12 13
669 593
462 380
270 247
237 626
935 98
494 698
744 345
973 434
87 635
62 258
317 538
274 304
702 760
132 920
133 334
899 804
61 660
560 268
386 606
400 50
355 162
660 682
739 639
847 841
536 418
491 128
547 494
403 369
875 709
996 10
451 889
17 63
801 739
769 324
508 31
529 578
52 897
48 750
162 759
829 396
106 721
600 753
461 699
78 645
61 575
52 18
224 990
812 783
606 751
493 424
996 693
680 391
112 781
296 290
51 286
244 862
96 651
697 762
340 558
813 838
317 403
494 835
544 176
968 561
894 251
29 894
949 999
119 921
362 167
359 548
326 173
116 504
920 187
338 292
934 952
423 804
677 926
916 576
367 65
507 873
860 520
392 309
532 710
460 38
824 905
523 649
403 396
995 209
433 489
325 43
237 493
682 848
974 800
406 357
994 394
391 848
194 161
532 955
508 922
918 177
233 457
657 63
171 212
766 484
755 691
519 558
900 461
157 817
135 460
342 745
189 114
754 117
439 873
349 162
93 625
997 757
882 367
225 463
114 316
285 587
5 782
550 898
665 921
951 55
762 889
691 697
917 722
966 253
549 119
682 340
598 203
895 185
126 548
867 219
454 302
916 548
584 643
167 965
806 942
768 389
88 880
93 3
840 131
267 700
888 606
404 521
757 948
205 230
234 461
852 696
189 184
580 718
676 227
564 326
54 744
402 499
731 51
102 51
445 22
977 926
824 523
256 76
739 483
295 799
604 309
214 279
889 583
485 565
905 612
744 46
946 521
283 985
668 775
100 559
459 774
577 411
143 735
355 329
786 468
404 777
464 661
750 390
842 572
778 699
327 631
753 335
600 22
344 21
694 548
818 282
678 532
99 625
537 225
693 885
753 619
482 273
132 477
50 635
996 666
171 395
705 420
276 929
285 716
307 634
349 971
857 153
263 208
353 919
400 324
709 582
284 256
572 451
270 777
208 361
936 9
572 945
792 551
549 357
763 51
18 196
699 43
250 881
665 146
486 851
458 185
2 469
917 732
329 891
535 573
813 516
591 299
975 442
751 572
903 25
629 718
913 554
176 768
904 637
361 396
399 455
811 620
742 30
752 857
66 393
25 971
973 505
271 857
739 71
324 826
121 189
691 99
575 340
336 938
435 415
888 858
348 646
926 176
859 84
285 444
67 781
72 120
758 756
551 665
144 51
25 697
704 109
347 126
822 681
670 465
766 54
554 129
941 39
890 575
235 628
947 287
602 847
617 3
751 743
181 60
505 686
21 121
298 58
764 54
749 997
710 608
783 454
960 242
972 533
168 108
239 598
311 547
306 482
413 582
121 599
779 724
632 371
948 921
515 143
382 629
444 482
880 545
152 10
293 713
244 642
565 478
378 885
636 338
459 731
589 354
309 255
923 836
984 503
651 248
941 149
849 425
304 134
67 729
395 980
640 338
288 406
312 665
666 340
740 463
803 614
153 407
960 396
924 951
279 508
368 796
443 518
317 2
425 335
11 729
456 322
298 737
52 749
147 949
244 966
733 818
494 899
537 154
628 830
838 914
242 700
142 601
80 673
769 183
385 614
936 725
216 48
761 506
885 855
399 687
465 793
624 510
226 343
250 156
851 744
10 309
727 72
475 559
46 740
724 842
161 199
868 220
787 516
934 353
327 624
682 577
375 870
841 99
552 791
85 251
391 881
458 483
373 993
544 663
155 898
353 290
579 348
713 809
350 687
89 390
549 301
558 734
884 4
125 910
227 105
773 328
84 964
23 946
503 510
100 924
380 417
402 936
806 852
335 81
267 474
295 704
75 98
990 929
730 696
915 151
971 901
618 267
630 716
479 192
168 178
685 797
71 565
745 98
436 913
22 444
837 961
568 330
868 358
51 341
552 42
831 916
32 835
621 802
974 20
514 363
603 114
503 53
856 85
698 250
185 405
382 737
437 882
419 163
859 681
590 804
344 400
318 279
523 689
745 76
931 916
254 182
636 497
772 411
365 321
649 292
614 134
900 920
203 218
967 129
140 603
244 407
255 121
940 380
575 862
862 98
879 739
830 175
465 852
771 317
348 746
285 705
111 14
348 643
669 510
733 145
622 246
145 144
597 244
174 99
703 336
490 50
828 582
353 132
194 719
184 143
637 81
302 808
699 909
238 656
318 495
405 576
833 483
37 899
755 564
119 711
790 488
51 114
126 880
589 296
357 970
815 227
814 639
580 460
153 127
344 1
991 975
281 643
607 268
80 832
282 99
994 318
364 664
946 493
124 69
287 510
29 388
817 362
728 606
283 882
542 501
337 733
249 393
298 785
177 358
660 459
974 649
289 377
455 385
424 832
445 318
678 481
233 819
835 167
263 745
173 200
802 464
648 526
753 795
391 40
112 197
927 407
141 828
898 430
78 894
262 525
710 299
136 194
415 320
903 410
36 301
556 510
645 927
779 981
683 465
886 414
534 231
510 287
26 614
878 855
221 428
544 778
322 783
411 810
102 127
840 447
456 417
896 536
426 869
636 785
376 75
282 975
895 810
676 602
506 942
535 572
41 144
194 25
913 568
507 743
692 243
590 644
729 927
748 576
834 330
485 158
521 657
308 608
663 196
350 42
873 28
558 363
166 913
79 916
408 968
642 295
327 49
135 532
802 217
776 866
428 89
371 265
176 252
212 232
74 310
82 702
525 365
516 289
215 465
643 589
983 515
432 26
541 674
207 799
174 18
4 597
393 830
833 4
536 842
492 23
213 624
472 502
538 564
315 102
688 293
920 778
161 552
139 209
55 543
267 846
806 819
841 271
484 779
515 533
923 54
574 283
287 865
895 830
243 748
886 531
923 827
386 119
542 303
954 608
676 923
639 990
885 541
78 960
667 342
679 343
28 618
161 157
579 97
432 323
646 307
431 61
682 243
428 989
355 636
940 230
636 508
627 585
690 481
624 323
340 88
281 996
905 625
193 794
698 870
827 297
631 888
611 610
606 648
642 740
887 661
847 707
69 681
839 812
789 45
656 839
843 476
643 253
381 322
608 804
830 732
691 409
298 398
987 982
235 310
751 991
362 401
129 949
715 28
206 193
129 812
575 249
190 855
216 77
512 512
839 294
220 491
850 701
692 999
271 999
977 304
448 480
453 215
326 499
950 256
233 929
277 749
571 200
682 475
748 886
74 346
16 660
383 11
656 694
785 373
63 912
341 116
959 381
593 483
861 1
278 747
445 387
797 365
310 71
781 259
836 963
436 273
744 11
115 202
336 519
972 504
1000 716
933 67
919 98
85 782
881 349
827 43
539 370
605 588
838 233
389 242
62 24
800 250
746 796
85 853
894 832
277 686
465 229
656 941
114 219
92 164
893 821
275 54
587 858
914 156
781 386
954 3
540 41
202 117
796 614
248 360
611 757
513 166
303 596
463 172
458 2
805 203
784 585
292 877
61 548
517 896
816 205
467 960
383 943
976 324
490 342
285 554
95 711
72 817
688 599
489 995
184 595
116 667
25 676
639 340
712 464
755 87
493 317
618 5
763 267
465 214
97 773
852 980
855 249
986 771
4 460
341 964
261 95
316 378
278 63
278 638
423 230
246 396
113 480
49 498
119 978
158 730
361 699
204 701
382 996
662 305
218 447
93 549
472 872
762 922
636 63
486 32
814 187
472 896
107 702
94 401
567 223
857 786
844 938
916 72
408 348
505 447
844 535
859 159
986 620
290 394
250 322
184 885
792 640
555 251
914 503
6 289
610 350
745 132
794 327
450 417
84 594
661 437
899 668
118 874
855 705
524 964
454 669
231 740
453 312
356 967
865 488
777 620
191 547
740 20
900 975
758 10
822 202
481 28
13 63
835 781
680 73
272 227
340 885
60 968
238 733
199 492
621 313
865 792
148 498
62 151
960 831
558 764
742 285
561 47
240 666
555 871
264 594
903 338
770 373
106 31
193 324
683 13
238 357
131 396
736 365
602 724
148 435
175 862
802 458
23 404
886 253
421 792
174 576
653 881
761 422
777 932
230 192
50 655
258 698
840 418
939 100
352 822
479 688
210 874
64 825
468 252
408 633
573 991
196 363
77 195
637 839
13 860
365 898
369 784
207 20
879 322
892 920
892 537
745 204
100 571
793 517
161 846
671 75
722 53
742 402
381 741
380 161
637 139
962 210
140 983
733 69
340 688
551 547
659 131
914 569
163 594
884 192
546 873
981 510
789 483
345 648
948 813
643 600
624 455
6 988
339 865
480 629
320 728
988 854
197 32
104 96
460 176
426 323
730 710
737 119
766 248
64 129
274 697
563 479
385 227
21 707
257 785
968 301
388 152
850 499
483 818
108 621
239 660
26 469
981 782
646 19
241 346
420 851
92 319
640 566
946 326
10 928
960 629
716 205
827 926
990 467
576 249
378 991
535 730
683 821
766 73
301 754
668 398
560 928
225 137
452 136
157 527
596 8
697 565
154 459
112 886
403 527
870 689
280 336
67 525
193 648
303 18
451 165
304 308
134 722
256 642
350 748
152 561
455 605
867 272
690 305
108 27
703 57
980 222
429 656
877 824
527 765
486 673
384 403
667 165
907 592
130 571
508 191
239 643
526 3
902 82
451 566
881 259
324 763
138 45
21 70
476 850
695 950
777 144
824 521
738 354
68 77
469 99
563 657
566 529
190 79
275 949
402 117
930 429
61 183
931 879
518 764
862 585
844 620
755 933
286 870
869 18
352 159
358 187
553 174
689 91
841 301
174 726
788 332
718 830
322 53
538 958
776 659
918 858
407 462
802 835
24 48
744 887
563 789
961 917
449 949
83 245
35 569
199 30
726 647
811 154
951 542
80 71
486 248
201 315
925 522
298 191
214 531
472 413
582 997
150 466
852 626
742 66
359 95
601 206
347 594
644 717
106 850
901 909
570 802
856 1
819 864
648 504
229 914
925 384
106 920
143 926
258 61
673 405
919 33
305 278
506 246
898 985
654 116
275 559
935 573
413 746
187 299
69 366
392 886
861 625
990 497
141 693
889 343
747 955
840 33
868 916
848 93
551 973
278 621
250 262
196 284
41 300
531 684
204 73
774 278
95 201
207 831
590 134
877 686
415 505
139 108
893 587
249 185
139 190
215 466
288 485
635 876
696 956
769 16
208 17
587 411
318 117
721 87
936 599
628 796
20 257
700 493
513 41
99 504
457 257
112 283
686 320
829 857
590 619
733 161
489 204
202 264
78 665
650 361
319 237
903 637
247 807
56 482
743 220
473 429
423 75
284 709
327 936
598 87
937 575
759 543
841 542
415 380
749 391
596 211
573 877
853 167
557 902
518 103
604 45
104 573
883 200
599 17
80 189
98 450
155 398
46 560
539 153
266 399
313 349
642 760
177 503
172 872
734 747
91 14
906 840
469 678
613 662
182 77
117 883
201 458
776 307
932 350
664 272
763 149
508 435
860 757
693 993
944 289
237 610
426 896
513 961
122 249
939 328
70 367
50 648
731 162
440 280
139 997
676 93
964 930
708 274
763 633
480 265
824 141
272 449
907 473
756 192
585 698
552 226
720 942
81 454
965 965
40 693
134 622
27 337
481 195
542 475
152 146
557 88
571 384
747 364
60 365
427 627
468 675
440 374
738 584
802 448
759 352
374 29
747 238
573 91
989 772
651 262
232 735
375 39
758 622
538 695
744 97
260 506
314 895
954 49
295 955
775 314
686 143
30 743
703 484
633 768
82 962
831 756
649 103
242 200
67 855
310 494
148 320
208 394
322 965
888 526
76 69
644 531
691 108
586 390
738 606
497 811
274 321
199 820
852 534
82 460
411 697
979 602
907 743
540 387
166 864
918 477
965 259
891 238
846 514
785 904
341 758
477 872
707 985
79 46
68 174
1000 972
259 604
682 498
522 954
150 451
876 379
80 502
95 576
910 877
368 516
867 725
274 920
15 150
82 475
994 301
759 566
9 129
185 689
494 779
385 33
675 875
371 220
598 366
304 22
179 658
552 459
98 216
516 586
751 828
1 111
905 455
720 767
398 561
541 401
937 291
534 429
908 659
698 188
919 514
294 778
327 669
394 513
999 720
275 807
149 561
550 486
643 621
678 940
117 195
669 375
913 539
118 287
109 68
484 988
825 400
147 847
355 839
569 91
86 491
471 17
117 178
364 258
499 328
613 291
245 537
761 378
806 404
265 331
880 821
433 188
661 638
358 247
409 348
648 431
618 344
337 176
708 869
934 411
205 648
962 611
420 7
633 867
807 195
819 763
301 390
798 861
798 614
565 561
817 827
134 190
858 727
673 958
196 866
583 48
152 333
128 96
801 379
338 734
828 254
140 977
530 583
361 678
51 506
601 614
544 134
355 485
75 376
504 580
640 353
916 679
88 742
251 410
780 139
480 987
219 58
239 236
802 232
687 491
379 17
660 794
369 967
437 455
146 777
592 25
503 60
714 93
620 830
947 951
345 869
967 936
309 970
429 547
944 388
524 712
539 704
221 424
869 753
725 368
34 280
896 151
285 619
83 963
105 519
954 538
953 120
578 209
71 92
864 747
685 864
11 399
369 43
830 639
110 903
933 285
421 1
728 803
514 233
195 968
228 961
423 575
189 947
467 989
674 962
447 404
576 928
539 871
438 614
98 357
817 145
698 476
330 272
95 624
922 485
710 845
963 59
798 388
353 467
159 973
291 881
890 325
904 402
861 79
225 469
374 922
263 625
873 979
431 505
831 93
825 652
638 842
540 944
998 306
820 135
510 254
604 498
787 402
801 633
231 921
979 26
397 475
192 907
721 363
349 43
801 148
91 891
741 417
854 330
591 464
364 115
926 451
421 426
616 861
86 556
68 900
415 9
915 490
488 482
203 796
219 773
359 255
554 510
965 199
645 834
937 610
383 354
970 559
379 36
914 298
693 878
729 841
394 846
241 969
188 991
168 670
522 426
89 757
522 232
38 39
764 500
845 642
402 166
531 174
959 34
908 107
615 797
106 868
652 266
980 780
921 743
375 619
39 809
201 195
462 898
89 500
290 397
760 800
601 223
312 174
190 799
304 540
883 410
265 59
821 559
66 744
621 922
522 558
400 409
767 875
511 984
288 228
275 780
599 429
561 499
738 32
75 155
608 12
740 999
881 157
99 817
221 407
439 946
363 704
720 699
311 120
599 362
595 690
391 496
621 371
557 73
846 154
358 768
907 59
43 352
627 546
12 395
689 831
552 600
599 997
384 15
342 861
306 571
89 555
462 187
387 528
726 321
49 313
394 145
832 804
539 215
92 277
368 791
239 767
648 501
210 532
599 73
612 148
756 747
166 711
161 393
286 557
587 787
656 752
221 790
674 414
518 529
705 850
276 376
639 43
620 481
497 625
164 926
221 63
162 459
749 809
430 860
364 574
392 332
108 675
681 787
888 104
112 683
223 439
136 377
621 78
36 940
174 730
72 764
132 247
325 648
402 642
186 174
669 519
50 681
785 164
680 988
412 303
419 666
134 415
446 954
505 701
488 337
680 690
888 745
266 822
64 686
392 709
843 19
853 950
448 56
707 820
143 15
368 431
653 924
61 660
668 985
150 368
35 313
657 199
813 216
394 80
655 502
443 395
190 78
342 531
323 586
184 689
763 333
212 345
699 70
989 498
82 78
633 669
60 933
210 313
842 489
569 156
336 926
755 337
374 23
520 429
294 431
236 876
67 925
317 412
89 190
408 698
991 675
232 52
732 617
853 121
240 189
924 255
966 170
683 781
990 867
863 497
873 976
297 970
436 33
111 638
818 861
386 665
419 307
960 173
532 518
845 42
915 960
991 585
58 431
530 687
361 131
278 588
281 795
957 132
967 412
838 920
433 761
756 689
229 799
317 905
821 878
326 118
164 112
668 425
821 880
221 550
8 753
683 326
536 664
868 495
381 4
708 388
273 39
270 407
354 623
567 670
528 773
579 177
953 697
95 432
439 596
357 201
201 15
352 536
102 883
643 466
803 182
224 38
711 723
519 230
388 490
735 966
740 773
328 774
730 567
188 439
996 565
810 405
543 872
661 948
754 471
123 981
45 700
962 242
222 171
307 635
67 511
424 354
819 829
203 885
877 512
632 909
416 913
985 496
2 978
162 610
205 643
898 634
231 890
482 218
711 436
446 627
964 899
185 731
553 160
571 883
574 474
421 719
289 209
588 205
320 218
807 615
717 50
49 266
730 7
843 627
330 916
128 969
11 564
197 11
429 344
311 966
64 47
923 780
300 482
321 397
961 296
745 790
814 308
599 1
426 123
944 822
643 519
219 935
492 837
795 606
676 897
686 10
263 470
806 24
315 721
236 371
637 823
673 455
326 180
642 109
615 813
619 602
257 649
478 982
136 181
665 37
165 630
185 994
972 419
713 597
347 159
673 928
910 611
648 234
374 350
541 910
739 484
458 106
865 163
624 188
554 406
428 672
170 363
188 632
754 932
482 208
640 404
725 764
334 963
43 522
913 547
737 322
999 220
838 209
781 36
892 894
229 671
600 454
404 799
154 410
221 723
331 44
7 754
850 776
118 694
584 415
692 627
157 290
117 100
101 282
218 484
277 460
870 725
702 929
628 22
359 925
999 824
636 615
123 100
338 159
50 815
805 31
785 852
922 982
46 878
483 125
660 976
901 568
165 299
658 991
495 702
368 109
598 263
533 102
949 32
281 50
59 570
764 70
722 509
784 81
159 276
120 645
816 522
587 158
303 735
10 573
437 887
726 569
408 247
396 814
638 150
74 997
407 166
206 528
543 339
151 284
291 955
433 518
274 492
236 61
58 949
385 800
746 59
488 551
126 663
867 32
638 619
419 430
772 678
224 177
733 776
107 839
859 31
588 222
258 772
795 229
147 372
974 589
412 119
759 142
298 277
229 33
919 750
242 588
303 76
891 105
294 613
278 852
961 649
816 480
160 70
70 706
834 20
354 491
520 581
224 192
810 841
922 791
932 29
782 138
483 319
427 869
859 589
120 208
882 175
360 992
853 361
343 890
618 651
638 105
900 549
970 935
134 466
667 755
419 102
784 973
545 416
151 905
205 943
667 19
32 688
502 94
180 621
136 850
985 693
992 135
887 384
817 693
794 288
341 41
194 412
259 804
194 881
868 952
393 698
75 321
513 906
428 743
192 256
945 696
879 318
381 471
120 439
583 687
269 131
70 855
397 527
301 101
217 829
49 665
507 70
687 853
494 843
383 576
283 338
328 570
8 425
902 426
77 539
497 623
397 883
243 752
436 408
17 145
705 123
967 564
348 416
715 978
657 976
343 718
690 427
868 729
565 968
175 374
235 562
643 798
47 463
843 726
148 25
755 966
408 632
246 843
752 977
169 405
310 346
457 380
765 9
909 779
600 673
723 513
523 890
878 406
733 723
104 96
113 430
712 95
358 584
987 516
209 79
974 916
400 413
547 213
41 343
862 439
601 141
674 785
920 182
880 16
185 953
278 309
266 472
197 61
405 842
460 444
719 373
195 250
67 659
955 522
11 378
91 380
339 27
18 292
934 430
239 115
881 909
168 984
622 45
507 834
190 702
241 264
989 653
351 958
375 231
271 184
458 262
774 622
894 807
375 673
197 485
594 149
281 408
949 972
551 903
673 885
583 598
760 710
764 294
436 981
853 635
5 129
538 387
879 419
797 265
632 709
985 464
921 839
908 658
71 774
161 141
90 428
415 580
992 16
529 842
927 229
770 54
695 252
426 509
234 600
593 741
27 717
471 609
394 614
244 258
878 956
882 806
840 909
465 227
158 503
231 990
913 492
605 420
237 340
558 391
558 272
958 563
243 893
445 978
481 118
14 643
20 758
609 991
208 184
357 619
771 727
294 803
784 744
960 727
367 392
651 641
980 584
288 585
558 584
530 741
557 58
152 58
408 275
732 42
959 273
674 628
340 957
546 351
88 373
693 644
335 109
172 672
20 190
655 144
26 671
862 302
178 242
828 406
207 507
512 752
789 50
625 192
574 673
358 619
538 595
572 421
629 989
525 65
754 182
38 681
244 349
904 619
812 540
987 534
335 615
441 732
148 506
417 198
954 659
88 677
769 750
752 352
162 877
70 768
517 443
428 667
242 90
115 244
391 494
354 453
952 52
170 765
816 78
132 440
887 822
295 836
378 513
437 877
143 74
245 357
875 796
917 954
755 113
911 582
665 851
14 365
888 260
419 900
620 821
764 489
791 84
845 458
610 275
168 699
658 238
437 663
667 416
723 280
156 346
328 982
381 839
43 672
324 577
404 558
107 221
307 366
723 508
635 28
214 941
873 842
481 71
142 766
587 156
125 743
151 806
832 348
968 695
603 594
907 214
258 136
735 932
459 752
814 784
341 39
169 372
928 294
20 441
830 475
644 634
895 519
662 745
683 468
84 905
261 692
526 319
19 138
801 811
810 997
550 335
714 387
171 182
399 584
856 173
924 230
488 58
22 6
724 725
614 945
603 376
34 99
303 799
349 296
431 151
476 44
650 301
129 865
554 140
940 237
793 400
482 386
734 761
371 94
757 244
49 945
873 496
634 471
579 965
462 847
572 992
182 653
324 633
256 764
14 69
868 527
84 159
591 803
342 593
650 306
638 893
330 634
418 279
357 751
106 820
668 24
27 863
480 494
78 621
438 677
743 369
153 459
780 666
253 450
828 159
671 208
110 357
552 514
991 716
200 605
704 591
578 593
289 489
416 333
353 416
212 694
809 554
534 295
645 233
660 699
541 627
82 228
804 14
458 505
551 17
80 610
548 119
167 653
998 485
265 853
105 616
799 911
942 762
391 266
655 888
348 286
825 741
23 226
24 855
486 535
768 74
131 696
27 780
129 67
882 34
688 166
203 125
855 420
352 605
853 117
198 131
715 158
76 635
904 548
665 645
93 144
117 31
217 156
223 699
350 596
100 866
594 46
227 956
936 7
176 54
180 839
538 942
984 799
859 213
118 601
54 806
712 191
58 411
703 891
79 2
408 8
843 49
727 71
540 97
296 703
135 714
687 717
735 556
933 221
216 165
432 525
399 854
731 498
547 666
518 89
972 522
451 431
176 433
817 301
221 258
745 215
369 100
745 13
989 63
292 680
375 443
862 278
635 380
399 539
44 367
872 417
305 522
423 591
22 339
915 170
17 1
75 216
113 681
586 708
152 752
726 827
317 879
27 84
511 790
944 173
554 757
641 815
9 672
982 330
707 153
731 710
791 897
642 614
959 697
209 509
861 505
797 129
483 674
255 928
253 701
410 454
87 11
564 506
591 825
251 323
358 829
562 150
457 309
793 647
320 664
518 67
93 179
185 706
54 829
405 824
250 232
910 519
444 894
413 448
138 294
661 314
106 416
25 608
466 997
351 252
313 313
752 737
581 578
238 805
220 833
391 849
75 852
786 305
721 759
136 268
483 352
635 673
895 547
811 165
205 677
927 602
540 934
686 161
929 351
45 882
39 62
105 705
879 603
99 376
285 543
906 601
248 126
807 585
712 154
244 445
771 541
2 739
159 292
491 550
726 279
26 627
206 207
472 887
488 556
461 231
238 685
777 496
971 874
838 305
313 47
358 858
399 611
455 775
242 367
536 262
193 645
245 52
496 806
265 307
525 190
390 565
570 807
466 156
112 490
968 684
405 446
995 560
848 265
735 231
735 104
908 514
760 680
793 791
762 338
976 513
462 102
74 579
741 39
807 864
107 336
113 906
167 128
801 752
919 673
610 755
341 262
68 120
687 592
49 421
61 978
843 890
457 820
468 505
662 868
245 18
184 278
547 70
232 812
560 103
953 922
404 714
567 124
714 278
594 580
306 426
98 961
437 80
793 967
672 281
139 547
156 554
403 407
597 716
691 928
272 440
380 302
880 971
102 378
435 508
717 54
435 538
243 830
301 986
19 549
988 819
96 615
23 299
456 276
865 747
877 483
387 393
710 100
998 153
248 16
772 373
541 37
29 885
417 944
22 676
859 107
52 698
133 735
844 347
187 154
619 620
772 472
189 141
434 279
52 737
83 436
384 201
514 679
436 889
556 926
641 696
420 828
611 119
786 982
873 202
238 827
107 260
542 141
860 151
928 3
154 546
274 584
90 850
393 726
655 194
826 496
690 69
53 179
272 64
118 383
160 757
289 766
44 865
500 425
559 868
429 847
298 68
279 887
386 478
393 447
328 797
274 97
611 486
854 39
245 694
576 2
728 71
65 190
646 88
457 823
422 706
981 942
604 321
279 171
789 963
878 487
491 823
441 699
580 396
332 608
130 524
778 206
204 673
719 79
266 265
658 532
846 251
200 761
208 978
367 941
41 416
167 843
384 983
971 155
915 420
727 629
308 911
306 698
513 16
46 393
489 555
741 216
230 747
470 767
173 323
291 596
93 832
964 800
139 527
941 970
437 335
341 263
854 206
949 940
249 505
672 845
151 288
959 481
665 680
609 405
419 613
248 308
236 60
554 805
356 324
857 67
362 130
466 910
394 904
707 523
303 625
612 896
379 657
681 302
336 297
214 592
331 809
727 99
305 654
131 704
781 105
178 34
617 343
175 736
414 582
442 302
588 736
909 39
987 563
865 953
524 837
710 528
527 806
312 514
436 945
722 297
302 893
694 779
644 240
219 962
72 705
137 316
892 179
895 457
661 273
312 361
467 866
880 231
559 86
140 784
588 824
669 131
614 636
424 475
814 912
107 433
279 605
14 232
867 448
447 208
711 32
988 570
525 897
700 453
865 955
938 607
419 705
157 373
461 298
933 696
664 328
183 155
154 406
709 537
294 64
526 491
517 518
771 780
944 924
393 41
43 556
717 679
585 920
811 725
553 96
824 198
159 871
877 995
54 19
124 483
291 178
771 716
273 553
630 871
934 345
14 238
791 877
307 316
433 766
550 444
71 522
104 430
901 472
829 2
288 832
981 933
882 133
478 863
92 844
46 283
894 178
966 547
801 727
811 290
507 570
1000 66
841 479
613 561
549 129
16 353
805 230
175 267
760 658
972 265
146 793
470 906
326 570
366 432
172 690
669 154
100 990
711 953
707 424
232 265
891 271
667 373
216 242
759 759
836 443
301 376
477 492
540 767
937 31
429 623
758 443
65 803
177 943
134 905
642 675
866 3
796 575
356 378
188 360
308 106
754 313
200 281
30 675
448 165
611 38
236 331
395 566
148 106
760 760
994 317
899 379
377 561
440 892
548 214
543 707
267 929
696 765
285 499
10 704
907 508
784 873
330 480
133 810
641 313
873 487
288 671
901 352
466 775
917 514
468 904
461 516
324 22
854 633
745 338
597 682
162 813
597 484
676 663
661 232
522 429
858 310
102 914
982 562
142 347
344 907
870 270
334 458
709 188
454 382
284 110
712 663
839 255
908 940
301 219
288 340
608 958
791 664
735 799
638 619
748 570
937 400
425 689
139 675
428 122
358 661
141 396
778 212
783 798
489 592
912 825
743 805
184 2
807 419
381 803
590 162
954 820
765 50
725 981
469 14
54 586
323 373
938 976
155 603
710 962
348 500
249 813
555 904
77 720
976 841
163 815
195 543
246 651
516 430
788 565
708 760
674 772
641 880
477 396
163 947
8 137
35 8
764 829
370 327
826 965
182 741
794 631
280 700
754 697
550 800
505 687
737 905
731 192
449 657
537 423
114 12
23 154
660 861
290 259
366 877
171 123
817 702
521 639
821 939
290 341
50 917
671 129
398 354
819 601
370 683
483 427
738 364
198 182
659 798
266 932
805 507
825 623
823 379
537 471
165 312
498 447
891 12
183 942
716 733
947 560
139 492
539 37
424 833
870 101
977 276
802 297
565 589
690 491
797 738
624 191
574 520
590 280
905 193
245 678
867 890
45 527
560 728
401 523
200 922
364 107
176 797
36 199
733 446
235 764
843 589
265 752
349 714
707 385
184 219
233 37
98 346
899 902
336 56
304 84
912 523
690 659
512 692
141 305
741 385
1000 272
747 945
474 736
756 363
550 875
450 312
297 214
518 722
200 232
952 580
268 621
933 297
122 394
484 609
970 54
699 244
895 302
91 677
686 850
161 765
336 347
642 451
317 269
918 609
277 81
781 287
929 945
302 419
228 400
513 660
147 466
569 94
821 48
700 188
941 828
940 953
399 561
675 308
12 544
224 424
64 64
234 551
917 781
270 746
811 51
303 697
924 759
266 369
604 405
561 54
218 836
202 882
68 663
883 334
435 204
147 976
419 628
300 732
70 31
383 576
564 127
961 322
262 422
360 433
660 587
124 741
765 696
920 689
319 329
442 996
968 41
352 689
443 836
441 923
702 459
259 893
505 970
530 601
285 2
472 849
367 340
362 644
619 34
587 594
81 714
818 170
654 216
235 78
474 193
583 164
184 954
158 396
906 668
312 467
515 640
625 144
70 434
64 35
56 516
684 657
857 738
264 467
699 333
169 609
930 820
168 754
368 751
979 676
874 618
445 166
395 593
644 696
163 552
801 988
850 213
166 150
926 164
228 695
859 636
771 978
280 873
490 954
573 971
246 796
278 840
209 444
296 684
839 540
371 741
985 936
926 349
718 656
292 642
119 835
874 912
997 284
543 852
269 883
850 15
330 887
356 942
284 305
474 797
41 547
230 102
453 928
758 385
999 984
661 814
968 726
375 442
999 847
642 563
91 995
254 456
386 841
655 431
69 156
885 841
459 25
802 385
237 374
874 777
90 874
751 749
285 614
868 347
963 388
214 754
498 683
299 8
71 675
721 117
781 660
911 500
973 492
377 341
412 25
377 837
385 1000
597 212
468 274
796 304
723 900
797 611
516 225
68 971
456 116
653 484
976 897
906 379
794 910
600 124
488 235
609 928
384 38
380 505
491 347
350 590
189 294
618 242
447 801
997 756
425 865
198 536
282 940
507 585
215 314
794 878
157 621
57 428
697 895
202 800
755 126
831 449
168 250
563 351
143 407
855 914
227 390
271 768
681 635
975 472
19 588
619 993
724 775
38 725
286 916
344 739
186 974
251 147
380 588
995 485
259 889
893 756
678 587
493 472
364 310
646 252
616 756
282 82
44 258
555 282
387 245
351 892
401 964
932 447
204 798
550 932
320 375
591 239
797 197
194 290
91 954
825 795
941 932
583 249
83 130
245 960
749 222
860 518
50 667
822 5
420 781
652 356
318 521
277 544
973 188
434 519
764 593
52 400
483 588
275 682
689 8
916 221
367 285
238 239
416 983
397 666
693 260
935 64
562 524
277 371
770 135
370 2
497 368
473 198
422 398
455 864
304 508
756 265
90 22
520 192
5 962
616 586
748 572
142 822
563 515
486 592
446 179
386 439
173 794
45 432
962 867
197 857
362 183
812 921
925 736
885 857
183 61
843 231
994 524
848 641
293 189
89 774
832 534
858 579
160 816
289 473
18 574
279 539
114 646
817 572
551 311
431 989
593 170
46 29
335 652
554 314
540 5
614 892
903 219
484 607
886 474
654 997
757 407
232 407
748 75
612 927
439 775
850 677
69 910
558 723
2 232
841 174
49 512
16 30
479 742
650 334
82 821
658 120
763 344
70 99
303 814
417 859
231 482
820 512
694 888
670 173
144 953
539 281
502 267
924 778
708 481
497 810
158 962
227 28
349 602
635 894
435 480
690 936
648 302
260 246
917 547
123 948
124 792
330 915
127 58
577 704
509 684
882 865
552 749
748 405
382 187
322 880
637 739
701 22
566 467
456 897
765 281
890 241
729 321
902 590
485 420
982 265
913 58
828 266
820 65
399 796
504 708
404 414
411 453
223 924
364 686
997 80
372 324
125 475
104 763
786 567
839 85
169 920
98 464
222 304
787 713
870 268
527 715
908 270
81 191
749 888
104 22
98 286
63 316
148 803
218 327
19 229
561 185
347 865
853 402
43 663
793 459
17 26
644 309
413 426
831 179
166 348
33 526
263 753
621 173
668 991
13 578
296 592
446 198
377 344
995 799
93 309
815 1000
1 153
923 851
80 515
947 393
217 521
792 780
609 973
555 323
694 679
550 995
785 913
643 663
716 491
216 172
486 8
9 947
281 827
606 851
943 930
351 713
139 714
117 194
611 236
450 241
345 99
573 749
836 261
150 295
593 458
801 843
182 671
587 512
840 270
776 246
734 800
228 401
543 625
776 873
589 686
353 600
114 717
168 628
191 166
539 883
337 710
618 579
942 569
102 519
557 799
22 400
486 816
821 633
642 790
333 999
919 875
378 966
885 179
580 20
712 350
195 857
681 889
407 652
706 154
159 843
434 816
154 192
8 401
254 489
665 194
771 358
237 905
482 315
501 739
558 184
584 973
3 556
966 471
981 642
771 742
983 728
880 950
915 321
922 701
132 214
640 296
331 825
766 373
601 509
510 553
816 683
274 475
640 794
557 354
425 955
801 205
781 812
815 24
7 105
155 857
870 714
737 214
275 277
299 547
357 341
390 130
463 992
327 159
738 642
243 202
949 279
60 995
689 725
393 958
765 436
500 171
832 651
320 950
239 891
253 253
264 467
745 984
698 527
106 366
158 449
526 288
538 634
310 564
854 60
637 533
691 12
907 5
844 946
750 428
633 225
84 392
16 380
975 117
841 729
139 805
135 488
761 54
653 614
46 633
850 230
677 274
762 530
478 895
220 617
86 577
613 224
99 495
330 529
460 245
524 274
939 488
822 59
310 131
301 158
672 616
245 342
321 236
996 642
534 796
854 681
889 514
322 693
499 479
571 754
569 317
934 858
243 733
73 976
492 252
874 759
193 217
583 221
982 796
175 742
168 682
941 4
980 841
360 976
798 293
599 200
342 173
31 664
628 443
676 564
756 831
710 47
752 512
846 429
231 262
517 623
485 13
127 756
841 341
238 627
59 312
677 533
970 71
157 557
855 428
23 283
413 444
514 948
723 84
661 855
261 411
205 595
876 227
787 24
961 749
207 751
809 250
402 511
607 192
241 644
282 728
639 557
228 458
882 927
966 342
876 417
555 101
758 554
244 792
721 421
429 975
539 228
881 363
580 939
773 966
998 101
83 914
561 575
285 713
119 997
347 895
222 394
824 937
285 529
703 348
584 408
517 723
89 243
967 276
111 634
605 557
284 832
421 882
389 1
922 832
236 628
625 761
443 713
572 168
808 894
948 722
282 280
129 920
786 148
732 791
589 377
662 758
294 823
149 753
657 728
628 121
651 352
972 924
871 935
136 586
589 173
609 964
916 113
515 757
40 986
675 580
437 153
596 719
1000 526
247 664
577 738
530 46
162 97
117 276
519 400
709 684
396 886
161 168
683 757
233 34
292 570
989 466
838 623
93 169
277 653
314 141
51 841
577 134
780 128
401 165
305 911
914 798
54 165
813 458
201 323
442 772
692 722
552 718
922 413
533 585
22 996
478 995
911 758
161 904
810 971
514 441
582 336
721 515
538 671
512 48
488 917
509 428
876 678
243 25
437 723
372 190
526 798
342 197
445 141
176 141
674 109
404 727
377 644
505 394
349 673
455 190
758 972
744 180
872 694
839 926
434 139
489 993
710 887
811 194
378 228
402 892
545 995
66 907
167 516
743 850
769 999
751 579
630 529
568 96
33 684
889 278
86 964
655 665
79 163
789 856
46 896
453 169
720 715
777 189
91 281
228 174
780 309
600 292
715 981
965 307
242 230
311 901
100 54
3 600
413 970
388 79
162 965
502 527
650 624
424 27
560 467
791 582
338 64
16 536
936 578
304 587
954 362
188 665
180 150
83 315
577 885
239 321
268 333
980 15
900 37
839 524
11 686
302 516
480 836
541 54
711 715
501 55
737 363
676 478
323 71
455 671
602 206
267 151
407 816
158 123
890 890
905 270
977 914
144 799
870 319
340 105
358 48
10 599
374 465
478 919
837 525
909 779
173 160
156 977
137 87
274 893
396 312
592 598
944 408
126 196
435 383
692 67
211 459
385 373
313 894
550 334
135 251
415 847
43 566
26 982
786 993
271 105
776 769
370 354
679 975
960 611
69 952
950 432
884 481
306 258
185 721
137 150
877 940
792 112
918 126
582 143
950 727
961 749
1000 90
20 553
595 249
54 583
494 103
360 627
860 590
128 679
58 416
990 38
223 516
91 375
692 931
65 772
781 310
983 4
406 521
169 722
848 834
862 968
361 339
568 293
514 533
655 405
778 804
203 435
28 109
656 484
204 563
860 295
114 888
244 380
854 323
728 109
878 601
756 401
338 986
793 361
531 250
341 621
645 9
330 380
722 474
736 486
572 281
4 839
311 121
759 815
313 215
186 147
460 932
73 65
24 115
397 316
897 875
368 133
827 624
587 754
558 820
583 221
102 655
907 468
634 997
198 3
672 125
639 810
888 449
621 987
869 257
964 52
475 933
546 477
254 722
94 737
639 411
212 611
220 48
325 885
398 876
520 910
636 605
112 353
133 93
462 841
825 914
771 508
423 779
219 813
526 966
622 288
772 217
404 732
640 95
831 398
991 293
385 412
626 663
378 192
643 570
877 408
132 680
778 571
699 6
300 771
469 693
901 65
875 851
233 286
748 161
24 90
535 909
23 281
11 661
212 561
192 338
265 18
82 921
760 469
848 28
972 120
870 430
131 41
131 496
289 579
81 204
802 622
652 58
291 558
484 437
936 875
119 393
137 493
119 176
349 807
875 782
631 692
464 535
834 496
119 806
79 127
558 854
1000 549
60 863
206 765
950 114
582 770
223 757
107 171
483 143
661 551
438 805
404 766
337 809
366 2
804 789
989 522
395 632
161 842
980 223
354 475
963 878
462 232
574 492
461 78
937 972
609 981
477 487
843 955
837 112
661 924
885 57
386 93
230 84
602 607
479 542
153 918
645 353
685 260
337 82
760 256
417 268
340 404
811 939
431 281
386 134
540 306
858 982
518 676
382 675
542 820
749 284
941 45
515 274
364 283
998 875
157 903
459 655
423 111
549 375
620 156
409 969
480 346
181 162
677 921
711 387
664 143
898 118
515 182
791 25
815 630
13 986
977 233
558 106
250 76
864 705
781 860
975 274
166 881
658 269
367 124
635 658
474 35
778 65
634 116
151 150
805 48
648 911
78 51
657 445
854 82
155 882
426 590
206 535
938 60
2 670
955 814
897 692
448 825
171 920
567 306
94 186
861 818
456 565
426 731
417 107
547 413
649 202
98 219
265 239
801 197
243 314
19 463
720 808
395 15
739 573
330 768
936 110
88 889
980 917
410 613
181 346
744 169
524 71
963 727
98 581
300 639
46 485
964 940
273 932
552 156
367 152
66 654
953 712
505 814
460 393
738 638
432 769
741 31
564 589
678 79
117 722
61 434
142 466
286 771
792 638
906 539
795 722
525 473
651 202
803 351
588 584
947 790
472 224
194 623
567 638
592 615
79 219
508 563
542 413
551 903
208 149
506 181
761 205
938 262
941 716
95 734
803 874
475 313
212 48
755 582
154 661
549 199
791 578
867 78
527 965
516 516
468 836
498 840
725 477
722 641
894 528
946 289
205 132
7 529
645 983
992 922
753 593
550 510
893 809
871 821
207 572
529 57
434 932
616 676
939 232
396 651
107 579
198 958
17 828
33 659
651 943
378 802
701 145
721 844
976 969
440 477
184 550
247 3
893 365
588 53
277 130
30 636
836 897
581 935
686 622
626 657
823 359
925 39
277 15
172 207
990 327
570 785
494 555
988 533
770 626
392 563
836 59
184 951
682 993
32 78
5 752
30 628
120 470
373 361
95 455
546 685
249 922
594 445
551 571
69 288
545 980
768 102
833 302
893 4
735 986
317 740
373 166
637 282
574 698
11 201
548 968
810 125
583 322
627 979
316 13
647 298
574 579
775 808
795 150
510 22
824 216
856 149
677 383
396 114
888 991
311 562
353 278
630 107
844 752
454 856
516 921
180 142
196 367
865 332
993 578
646 339
533 241
717 644
471 658
659 281
206 315
872 254
192 762
48 194
491 934
706 444
166 529
286 577
64 486
473 373
177 635
783 84
803 714
180 884
686 984
123 572
510 169
485 754
308 281
147 901
147 645
914 438
882 225
820 597
49 399
566 151
575 834
14 164
450 305
613 704
535 948
969 638
423 345
812 824
24 991
490 298
653 768
217 129
468 690
769 224
152 879
291 74
691 562
560 921
194 553
11 313
694 865
43 969
707 93
309 584
352 226
102 265
846 360
536 516
625 48
785 762
193 89
845 199
180 269
90 883
754 334
72 969
892 258
631 831
641 842
146 26
473 839
252 795
659 137
556 285
534 712
48 616
789 827
121 287
257 151
130 237
407 171
219 209
671 896
36 606
374 751
558 175
651 568
861 993
666 817
352 265
305 63
689 980
477 951
631 72
898 686
426 581
192 596
166 465
968 489
409 958
125 346
345 528
259 632
634 895
536 942
894 189
101 293
374 688
696 57
589 445
452 263
564 486
183 209
857 976
748 63
336 758
40 506
534 694
865 217
1 486
714 382
266 408
822 674
928 450
259 819
479 266
189 193
687 134
691 61
845 14
950 370
514 747
314 118
411 409
223 487
190 746
610 309
543 254
8 294
269 709
885 759
360 353
621 158
341 288
923 538
120 517
860 813
120 980
820 198
143 747
686 397
153 19
935 886
524 740
141 191
509 547
289 764
291 216
204 85
855 347
750 770
362 267
204 628
230 177
257 685
428 265
919 808
375 571
963 109
325 353
601 911
451 220
405 835
196 580
914 711
875 92
495 714
826 516
861 53
528 62
314 315
107 913
427 237
308 980
761 148
32 812
232 542
628 215
861 285
653 480
482 626
436 138
348 736
214 538
308 729
656 924
900 145
464 39
480 366
970 85
598 424
211 701
516 604
332 654
784 605
462 800
510 860
361 818
564 234
621 338
459 56
648 371
761 502
817 798
328 445
356 319
421 56
759 276
329 155
777 937
686 600
961 306
183 385
866 40
395 654
758 585
593 629
938 314
519 397
235 950
26 891
834 602
531 398
787 762
811 662
620 119
437 99
778 246
8 18
691 701
253 376
167 517
15 680
192 620
84 67
871 556
294 159
944 390
967 371
552 390
442 351
646 273
965 558
873 441
97 884
76 732
947 950
569 344
812 195
814 625
997 973
550 957
480 118
987 952
356 360
60 937
801 690
434 499
242 183
63 937
890 715
91 908
440 749
429 256
63 902
5 910
880 786
886 856
2 947
626 368
878 500
372 773
581 893
216 605
419 573
856 790
897 68
326 191
61 775
36 588
871 80
778 648
927 388
351 176
826 187
165 890
588 619
484 8
205 776
729 352
594 182
665 509
719 754
152 463
609 687
586 474
762 666
56 25
849 955
391 170
325 775
433 10
919 566
865 500
174 827
661 31
692 391
248 656
702 623
154 532
869 283
133 984
729 224
68 979
345 474
293 571
499 160
11 268
632 378
164 201
372 589
310 577
950 280
234 802
404 178
685 12
510 142
385 607
615 537
526 174
652 212
420 24
302 987
471 347
921 465
590 735
442 322
392 580
529 289
180 478
631 405
757 710
643 3
233 291
217 374
731 597
64 755
139 208
988 58
616 769
622 600
394 737
3 307
789 664
386 213
951 945
504 115
64 861
964 666
641 860
208 550
918 538
143 904
999 924
419 453
77 74
56 191
491 494
408 517
195 973
922 34
40 637
681 340
963 899
186 991
52 37
771 60
241 578
519 244
378 25
247 791
471 136
704 241
635 356
556 74
533 859
393 76
868 253
719 773
304 160
317 703
926 280
445 875
509 136
707 290
523 426
855 628
67 171
582 804
97 87
676 223
874 205
346 49
106 567
372 511
332 836
653 873
144 554
412 450
594 448
614 11
92 551
595 143
364 107
324 443
492 724
3 154
756 955
461 684
915 96
574 144
422 684
444 4
293 473
596 310
583 359
453 530
58 122
95 304
357 235
198 736
929 582
233 746
234 278
246 413
315 45
731 144
876 624
840 983
294 90
736 869
895 756
18 379
374 867
493 866
131 934
659 344
894 418
631 331
991 844
932 556
331 593
121 557
208 789
347 41
835 57
280 582
399 604
248 483
752 982
487 479
380 414
836 957
965 637
558 526
398 617
933 550
534 252
905 600
163 626
654 194
334 721
156 681
143 137
289 576
508 754
612 615
581 386
751 752
897 483
762 150
139 352
262 435
419 383
277 360
331 461
163 263
369 31
117 823
716 62
970 855
774 409
587 250
889 686
121 855
293 626
646 34
881 560
14 699
833 48
107 811
457 605
593 871
422 50
749 182
704 810
188 818
344 280
426 111
639 574
571 841
260 940
479 723
227 752
810 636
557 443
647 871
613 620
563 488
181 640
228 781
412 326
783 793
947 819
361 287
153 386
667 777
275 853
51 274
394 700
302 67
134 474
14 210
161 548
218 420
655 292
316 760
573 107
326 244
297 339
987 667
291 879
744 349
610 725
102 519
360 525
972 153
270 681
253 641
314 642
923 812
277 522
745 525
29 644
874 846
330 310
152 921
848 842
224 777
91 35
467 634
879 670
882 823
2 195
56 741
788 555
201 175
70 971
320 740
797 691
511 358
463 106
592 755
325 219
86 834
26 952
639 739
168 831
782 124
461 228
806 836
562 492
610 58
853 332
338 80
165 291
586 534
560 920
947 52
713 850
298 597
199 811
373 697
344 58
487 682
683 810
569 87
351 784
578 595
895 415
715 308
390 31
546 603
618 534
457 428
108 968
887 189
131 220
871 763
157 78
765 128
714 395
75 727
579 844
698 944
376 970
540 561
116 968
75 301
493 581
940 436
195 725
183 47
528 69
263 344
39 510
550 156
525 255
305 847
590 536
328 707
164 572
853 740
644 530
270 61
973 723
130 221
637 748
786 951
93 508
180 407
783 457
475 399
272 728
50 954
733 964
178 97
813 774
592 515
724 133
67 196
770 465
100 340
382 754
658 582
815 498
110 231
378 325
240 122
619 99
360 507
286 195
200 473
223 94
37 933
261 349
741 853
926 273
973 494
278 782
322 592
303 98
261 366
120 809
671 735
545 953
7 417
827 10
135 41
808 695
782 233
48 912
569 808
558 913
782 536
221 824
659 150
890 753
517 97
621 486
608 331
77 670
499 925
117 29
724 183
68 995
994 136
23 16
19 62
527 24
558 375
521 190
496 811
105 882
82 96
289 337
784 534
277 145
40 53
75 169
853 75
418 125
508 695
509 64
4 599
662 106
612 590
938 761
122 739
920 453
814 355
220 341
259 99
184 422
788 982
740 993
652 961
125 581
406 158
325 402
656 188
726 835
656 79
60 923
539 266
202 343
549 325
26 294
921 627
406 577
843 540
96 267
112 603
703 764
505 782
856 693
755 438
185 226
584 471
463 314
288 740
633 934
731 517
756 436
379 445
79 98
385 26
970 434
919 794
895 833
206 714
404 293
745 657
897 327
79 788
722 543
366 718
652 556
711 161
640 345
67 70
61 714
957 674
211 676
205 591
562 877
995 36
848 927
734 265
102 650
358 397
19 162
2 40
530 745
502 838
934 936
499 869
290 19
234 936
19 422
321 717
463 152
593 357
731 575
955 842
919 822
128 856
564 358
143 53
615 239
769 279
107 66
118 152
555 216
955 432
96 959
685 468
579 967
452 222
541 341
436 290
29 935
369 120
490 494
761 667
994 322
526 590
379 522
663 271
986 763
596 552
665 447
150 785
933 155
462 254
400 107
356 824
323 540
398 500
797 254
537 4
341 554
405 495
108 820
601 817
908 759
764 947
745 202
548 830
586 461
173 267
99 1
56 151
232 484
148 493
113 949
383 46
957 225
767 10
195 315
697 656
919 371
240 951
772 513
651 845
965 732
180 608
956 60
456 89
38 301
677 69
685 201
587 458
606 512
664 440
992 49
234 827
181 948
312 92
994 504
695 842
305 34
580 473
290 643
811 362
767 842
431 31
39 163
279 132
790 81
961 202
404 786
557 569
974 511
120 512
859 185
312 10
663 842
357 110
396 906
190 346
71 794
210 273
90 531
693 131
270 892
934 663
609 970
556 728
187 838
44 329
490 247
356 794
453 81
947 545
530 704
550 180
241 343
558 782
729 663
359 592
261 543
403 163
554 211
709 446
815 255
469 236
935 200
185 970
844 697
344 825
301 60
226 229
281 675
14 619
595 593
406 690
648 609
472 198
903 482
745 521
901 261
91 995
305 351
833 963
66 776
260 866
914 139
640 879
404 343
32 593
620 554
950 371
581 298
210 537
135 896
942 712
301 83
188 80
65 566
284 444
834 261
313 246
204 344
36 734
982 171
322 465
160 857
982 639
28 63
819 641
281 372
868 47
545 330
138 496
443 395
198 434
735 367
304 167
934 986
907 273
368 108
772 157
526 590
779 50
426 521
487 672
323 283
623 146
53 483
291 747
176 549
447 413
394 886
995 393
416 502
227 886
911 254
289 524
298 332
230 289
439 230
599 240
620 371
271 243
617 351
836 288
204 872
454 224
956 432
627 424
990 474
567 185
845 557
709 170
794 745
792 43
143 364
386 482
327 313
863 939
625 299
602 798
771 911
473 11
82 212
18 875
922 514
314 153
215 635
663 19
933 758
123 850
711 951
523 585
67 4
659 892
259 454
851 898
630 822
848 829
362 388
443 902
290 555
589 104
432 913
349 217
203 98
709 959
620 174
332 830
906 16
888 468
985 425
348 232
588 361
252 60
210 592
457 523
398 512
876 30
35 443
251 458
463 964
316 667
819 847
294 799
975 913
917 234
927 205
782 729
485 909
305 727
997 330
987 341
23 848
378 423
530 629
916 679
114 322
540 784
112 969
74 207
755 230
965 911
607 811
527 613
654 2
88 838
212 48
595 624
386 366
839 562
324 77
600 77
686 298
946 275
820 948
553 558
149 221
283 564
827 10
318 443
862 142
677 886
666 334
577 34
378 505
768 720
358 498
424 243
499 486
231 396
294 354
4 755
747 558
437 868
949 639
232 88
707 356
240 280
711 359
497 958
443 924
478 952
827 435
732 275
448 679
187 285
365 330
680 9
675 954
111 404
765 215
51 434
958 567
566 724
696 182
289 699
124 217
4 100
822 902
408 217
664 160
931 93
894 823
141 766
515 946
597 312
694 333
749 633
340 111
956 338
776 356
273 456
97 936
373 285
162 476
755 173
6 541
342 421
164 58
875 473
799 293
14 569
723 3
553 651
606 781
471 175
169 930
256 715
216 531
467 279
781 499
209 802
661 343
494 887
443 871
233 19
536 862
653 365
675 52
556 623
491 655
585 225
967 951
520 616
268 313
591 417
839 808
224 609
688 415
890 371
93 129
413 744
414 865
3 557
264 61
448 777
102 601
357 806
436 933
582 976
982 396
291 876
953 258
297 120
765 352
408 495
623 476
242 251
113 495
202 926
814 610
99 206
692 317
541 193
383 744
753 271
335 872
492 670
260 9
669 447
365 839
57 153
277 811
884 374
609 293
677 183
654 593
706 298
194 358
309 675
677 845
84 478
673 296
384 980
509 522
665 660
153 709
156 391
163 595
467 774
278 206
827 351
995 19
131 37
453 847
495 347
938 805
853 571
981 127
221 643
295 118
308 833
690 30
641 140
236 235
262 191
178 652
180 5
415 983
344 195
790 548
764 844
453 556
451 230
41 607
178 484
430 503
421 872
170 801
957 124
904 999
58 517
859 726
557 736
298 420
97 116
270 95
892 37
562 547
869 483
920 85
813 787
792 655
199 17
812 369
744 231
669 369
812 888
338 203
471 555
158 185
269 577
501 28
757 6
884 464
973 825
4 884
153 563
961 727
958 944
285 181
253 677
191 364
448 849
134 907
236 794
379 225
517 539
709 972
261 933
345 566
216 776
847 402
898 191
784 506
339 564
821 742
211 803
518 71
32 9
622 710
775 738
846 703
83 25
435 565
902 458
893 185
763 567
464 238
836 976
787 974
445 563
213 594
326 264
510 425
632 369
772 738
679 601
582 93
851 917
266 17
253 564
186 193
745 506
300 738
635 654
859 286
339 417
6 24
530 695
22 994
988 507
982 893
288 311
902 371
363 969
594 838
379 912
919 10
641 805
964 602
105 694
942 490
131 867
89 64
761 184
47 308
451 495
814 681
896 794
147 810
959 644
526 552
525 590
869 131
911 569
960 659
568 87
981 250
549 661
704 719
213 978
837 337
125 892
567 996
63 166
516 256
352 17
224 885
199 554
110 3
996 969
418 588
873 569
295 431
943 232
152 228
3 224
653 359
130 136
788 334
464 823
501 76
985 99
401 280
308 851
755 812
822 394
284 257
185 562
993 141
209 708
46 948
725 863
496 424
718 972
490 788
790 413
635 377
384 967
412 760
105 435
746 484
266 658
726 225
345 47
549 717
397 907
673 774
784 687
490 757
460 217
121 279
232 193
477 625
658 906
851 527
861 471
740 161
32 482
481 279
775 278
712 123
503 86
927 529
636 1
735 247
675 60
515 358
581 793
794 800
6 958
151 46
538 551
64 213
10 99
633 852
383 9
928 122
944 883
215 675
609 627
919 166
584 952
51 638
878 147
654 509
364 732
443 525
493 299
212 456
158 700
319 750
67 235
659 20
683 269
681 680
127 550
343 39
400 139
621 936
90 482
405 727
135 366
729 21
341 739
11 886
999 556
941 2
690 783
347 704
894 679
105 88
54 48
579 589
610 701
191 92
300 481
167 103
916 853
130 713
726 536
497 74
986 493
536 341
65 861
624 302
751 329
709 224
37 105
415 717
177 621
859 825
358 591
554 161
3 13
709 838
842 158
12 274
771 296
498 326
408 844
694 493
385 373
573 877
964 183
866 740
418 611
994 47
21 13
352 745
831 194
343 623
825 369
413 781
400 739
498 69
38 217
218 876
787 484
651 602
269 542
798 623
994 611
775 943
931 842
16 555
292 427
971 129
884 777
458 663
309 895
732 78
203 669
303 895
525 732
825 889
687 547
993 833
1000 788
254 479
814 873
745 165
769 580
446 59
453 814
820 5
65 6
971 633
644 445
995 656
87 590
79 794
914 204
380 186
260 99
874 507
664 393
175 229
790 156
146 436
485 931
377 518
249 656
576 170
877 996
429 398
667 493
189 379
42 212
920 873
409 965
803 518
125 147
41 407
845 727
332 382
525 285
635 565
112 41
20 613
996 543
990 699
570 774
561 774
833 441
147 192
733 744
682 819
61 232
185 41
19 570
664 153
454 220
772 430
403 86
487 437
297 465
709 795
155 147
479 582
542 644
685 365
751 587
546 100
300 36
794 824
618 40
456 837
191 854
334 452
320 768
248 373
559 710
764 867
373 450
961 645
280 370
404 367
472 946
345 779
284 778
651 661
290 539
525 933
517 22
109 375
923 766
418 806
336 750
42 158
648 549
983 710
322 497
258 995
730 439
524 40
425 978
442 598
987 686
721 643
217 145
743 547
596 301
410 505
863 986
862 411
728 936
882 557
962 352
113 434
924 638
7 559
286 256
544 824
522 69
891 571
601 793
656 137
135 646
115 320
958 386
782 290
5 625
879 631
411 37
209 125
377 606
782 679
977 245
233 262
597 207
610 206
787 707
35 351
296 142
363 556
139 881
663 268
193 404
6 585
265 129
459 749
407 46
769 694
611 518
636 959
22 282
927 636
7 403
595 202
621 271
735 96
147 129
988 821
677 139
646 527
1 843
367 920
397 197
580 510
177 563
344 616
8 878
968 549
623 849
842 119
909 627
71 942
267 246
566 352
332 228
570 379
587 561
998 340
356 531
310 55
55 105
51 205
756 608
47 778
324 543
187 565
39 870
912 949
295 948
993 142
181 137
901 636
395 432
257 337
98 389
611 938
492 43
926 74
808 350
669 529
610 107
84 822
119 184
110 329
95 101
71 499
505 306
660 70
700 178
371 2
715 782
970 513
361 942
357 654
873 268
729 204
146 620
548 626
431 945
413 850
391 427
461 852
515 894
134 34
917 974
743 247
460 978
535 360
429 289
520 457
123 769
702 72
275 401
863 532
793 645
987 139
358 753
123 173
990 744
131 927
638 16
430 318
439 602
723 38
821 102
979 782
77 178
725 182
457 937
665 849
820 250
18 626
411 17
653 928
573 776
581 301
632 502
918 295
898 98
135 126
936 297
911 199
902 500
325 796
983 290
626 194
430 108
35 640
626 91
442 971
667 702
789 26
916 387
1000 792
717 169
527 86
814 675
41 60
776 968
282 873
144 369
665 188
313 543
170 888
408 757
358 134
487 158
990 636
862 741
32 206
718 792
738 461
531 417
744 809
824 809
933 256
459 321
978 968
364 841
403 975
747 385
744 79
791 981
937 569
155 604
55 714
694 872
508 472
353 423
311 343
273 67
231 720
162 567
407 39
711 70
803 753
329 995
145 753
126 431
457 194
653 677
997 754
90 828
887 445
650 527
359 375
420 718
818 40
131 446
655 14
344 188
684 99
220 705
425 69
910 608
739 753
633 14
965 503
909 487
829 734
704 521
405 179
345 443
101 356
124 306
782 160
930 909
541 790
51 785
876 220
323 99
714 874
941 291
76 639
558 762
365 12
730 368
636 630
824 227
151 592
319 702
110 268
221 630
962 77
84 166
793 805
52 627
635 700
46 836
974 415
604 158
446 369
908 874
787 392
901 287
257 457
804 364
544 969
349 358
735 284
619 845
640 467
256 964
19 847
292 462
865 855
900 288
590 87
376 393
968 375
918 172
662 819
388 172
964 430
414 57
624 114
109 894
773 349
35 244
233 757
77 719
959 205
997 461
277 421
257 243
72 488
25 637
488 813
517 467
32 243
597 607
874 835
311 246
344 946
124 55
278 626
865 29
997 204
120 636
537 497
656 833
130 626
64 721
1000 981
765 704
999 355
165 531
200 821
66 143
481 657
919 722
770 285
709 928
817 839
848 857
918 456
615 210
930 648
863 935
12 850
703 321
359 172
66 439
400 927
500 352
973 60
953 914
594 439
831 88
104 997
105 750
223 685
53 607
344 420
383 447
504 585
715 970
920 602
676 688
673 919
948 485
324 537
94 288
403 15
849 773
578 78
378 271
699 137
330 120
46 311
924 325
92 290
497 370
397 587
39 207
309 311
717 571
727 91
903 272
110 940
146 131
573 238
170 900
909 213
76 754
938 313
229 597
304 488
358 573
64 568
751 432
333 750
40 510
334 166
497 868
378 713
716 219
415 883
114 545
924 87
985 98
206 690
794 911
651 848
301 589
538 191
951 553
793 240
528 665
587 130
181 528
802 349
198 248
680 740
609 700
250 526
89 638
557 15
988 426
707 22
729 579
307 57
877 648
523 986
372 685
575 10
949 315
722 885
779 917
247 486
134 884
458 215
556 554
679 353
734 682
29 745
865 835
481 145
9 460
228 701
388 741
916 515
132 443
681 954
742 297
286 594
193 244
640 566
791 745
421 734
453 152
335 294
745 788
677 518
529 953
6 696
165 163
129 211
719 916
64 280
242 883
855 454
948 725
939 793
731 551
96 857
505 555
58 574
551 136
899 709
328 192
164 676
611 278
770 309
884 734
491 92
852 274
493 71
62 42
256 53
47 873
832 628
178 618
589 948
327 926
453 441
337 410
649 450
787 424
340 889
222 506
204 430
235 838
952 743
619 301
155 551
36 698
775 483
803 321
830 974
459 117
296 239
334 795
70 103
789 505
805 908
618 73
94 593
790 63
655 561
813 446
68 916
173 248
663 125
719 319
439 361
368 172
511 560
102 907
72 661
106 118
832 787
199 103
730 229
221 708
9 860
419 36
91 895
99 570
486 973
518 566
427 957
503 429
577 149
883 137
14 53
235 289
643 409
518 421
733 202
797 206
306 415
691 282
388 155
328 623
701 436
831 571
366 177
181 680
849 562
722 545
714 78
249 868
586 684
51 993
855 390
600 55
986 569
391 472
591 93
454 296
209 491
406 614
819 233
797 561
944 225
580 788
266 993
376 272
24 661
321 999
850 453
118 143
434 844
513 717
781 198
419 954
330 50
152 971
479 14
805 285
738 153
561 396
302 948
154 649
964 621
776 240
263 498
110 251
311 960
35 968
513 929
356 302
939 975
816 495
861 640
808 657
722 717
206 690
103 717
602 268
861 831
954 659
828 374
200 569
336 221
601 148
233 712
593 328
572 109
661 242
323 962
69 995
679 391
972 946
569 506
759 483
520 643
106 20
273 307
247 937
755 673
356 700
285 931
322 440
299 930
364 526
129 920
342 742
98 765
493 417
334 639
124 451
838 121
872 961
383 47
694 587
80 79
127 624
967 261
820 20
44 67
780 505
223 796
706 21
69 583
665 14
279 489
805 587
544 337
601 875
479 28
730 655
712 158
375 702
908 703
645 496
763 730
549 41
205 148
519 488
675 710
622 363
549 343
398 34
562 125
952 88
113 939
579 190
61 729
725 519
965 978
972 379
244 509
1000 508
9 719
442 808
521 753
243 276
49 516
65 930
982 804
968 768
51 320
486 898
114 127
856 434
12 819
30 198
608 452
137 909
567 398
788 701
605 890
487 127
281 637
265 828
155 2
843 9
15 687
843 519
848 977
247 386
463 290
860 418
547 394
558 958
551 118
38 4
369 473
500 856
866 270
272 16
203 316
660 104
713 160
233 49
911 69
757 832
538 492
361 225
88 180
467 113
354 502
232 420
381 407
799 847
506 367
486 951
902 516
569 993
564 589
182 201
169 643
325 42
772 617
350 552
394 708
348 581
311 576
449 70
419 414
579 121
671 908
177 77
639 331
645 741
82 633
276 11
921 9
551 244
999 20
422 106
522 479
433 102
301 51
884 224
600 854
114 314
887 667
110 671
815 800
135 520
21 915
23 375
854 837
880 824
125 707
309 536
298 335
215 21
801 752
203 378
415 685
535 498
961 389
825 14
90 583
887 451
943 184
475 64
260 531
50 696
499 373
88 916
949 408
224 957
747 869
624 426
826 481
223 974
590 795
50 962
54 871
328 906
565 20
599 787
652 376
985 9
285 657
247 841
507 724
190 93
743 917
883 538
368 614
171 278
383 614
937 805
722 764
474 11
359 272
940 370
457 462
218 689
247 263
29 613
236 660
180 906
890 136
784 249
986 456
844 28
249 109
882 212
174 794
427 207
936 836
505 281
881 806
822 855
520 180
150 758
992 52
129 511
452 426
25 881
668 608
605 115
708 161
510 259
303 514
13 683
261 383
857 411
490 752
549 123
485 933
467 254
468 990
657 504
513 679
335 363
427 435
624 450
532 224
575 287
187 30
511 585
703 770
616 453
957 780
919 743
330 550
677 466
731 230
520 935
357 901
798 732
470 755
433 219
243 682
296 703
226 362
329 588
271 637
923 807
282 423
131 464
270 536
470 762
448 1
882 903
788 944
838 598
20 641
690 475
129 845
500 541
933 518
747 211
486 528
825 171
211 488
657 340
252 231
362 3
641 826
955 707
569 877
638 422
383 852
559 556
89 511
943 259
48 421
356 522
541 327
190 451
280 16
374 116
535 983
585 50
884 298
228 837
936 722
699 83
262 699
5 30
701 67
728 915
549 819
156 113
5 243
93 203
426 782
470 981
469 363
235 846
125 301
888 250
320 39
836 975
149 103
995 575
210 294
233 487
338 659
183 224
203 114
553 691
522 555
962 461
999 13
244 234
89 451
24 69
376 395
588 605
370 578
867 346
168 718
219 365
54 532
225 650
730 210
934 137
642 430
308 753
699 974
134 897
68 908
81 384
888 996
56 907
17 710
1 451
319 778
965 838
228 763
851 329
389 337
876 721
922 748
73 3
867 80
206 178
698 718
948 37
857 969
594 455
197 144
727 679
482 361
50 249
178 567
850 113
656 378
943 215
573 990
416 79
132 602
115 716
784 31
489 589
965 141
913 339
658 431
472 538
530 425
631 445
632 868
57 318
96 481
736 453
499 787
682 814
264 63
41 881
349 866
682 525
252 403
821 228
282 18
157 508
852 720
968 940
258 694
201 210
579 478
207 415
557 601
302 367
239 378
55 234
281 609
13 530
165 783
249 608
664 868
690 770
467 761
313 606
585 289
414 980
583 869
520 457
196 364
559 389
418 180
336 565
932 875
775 932
333 981
813 833
95 477
607 841
99 167
589 660
97 399
810 895
431 165
986 222
82 992
530 832
911 216
411 23
769 949
70 692
946 689
164 447
338 62
970 154
434 813
455 359
852 457
938 777
71 394
893 102
581 363
438 874
206 797
903 470
889 207
871 540
220 699
595 743
42 702
956 831
57 367
770 415
859 794
340 791
597 181
768 872
719 94
691 676
66 382
871 47
299 952
624 294
80 721
243 207
699 584
310 516
856 899
11 481
231 656
786 78
930 227
53 302
777 186
957 667
552 602
79 356
528 560
524 467
827 93
693 599
74 76
458 303
942 184
830 852
615 529
931 492
329 375
776 914
885 255
598 788
307 479
169 770
793 102
995 841
295 426
524 862
158 85
547 669
587 284
901 910
131 576
983 598
55 786
43 372
234 700
467 619
671 849
474 729
896 561
28 813
98 423
444 669
160 374
211 55
940 899
44 395
371 494
78 7
826 306
491 446
150 738
10 953
949 49
865 188
251 119
27 46
299 654
637 360
629 394
79 681
335 451
909 462
429 781
268 35
49 990
622 480
572 242
590 717
467 34
350 320
94 588
72 509
220 491
22 348
320 206
970 839
125 273
140 303
551 275
724 318
987 210
157 187
986 148
78 659
71 30
125 955
491 744
570 188
971 879
837 805
451 510
512 936
586 15
698 757
460 929
382 930
905 548
848 411
366 12
993 372
291 488
773 141
947 743
737 216
311 344
691 411
594 876
697 419
729 192
221 141
390 867
245 903
648 403
36 44
49 762
657 19
928 214
223 385
453 500
705 699
889 46
457 150
642 197
321 819
267 7
387 834
240 212
791 904
735 581
402 223
266 146
810 885
452 589
249 215
62 5
81 199
194 200
267 507
62 479
474 586
894 128
995 894
332 802
708 263
603 104
448 723
233 55
747 209
95 884
46 608
475 780
106 907
442 609
956 730
272 269
608 113
663 29
496 251
868 579
945 386
741 401
405 813
312 171
225 869
96 283
84 737
853 462
129 878
448 135
752 578
300 695
550 8
771 474
430 958
676 403
61 103
318 596
740 875
641 942
120 111
499 115
149 372
548 753
229 323
770 530
645 418
499 114
978 187
689 244
280 166
924 916
633 540
827 768
690 444
257 629
842 247
301 828
926 309
211 900
34 950
20 927
569 110
190 280
306 664
855 188
53 818
492 598
789 916
861 128
971 790
213 492
579 928
914 968
185 78
352 364
18 40
249 589
313 349
484 793
573 522
407 26
997 49
293 877
221 458
267 134
904 779
48 701
195 764
502 762
466 2
376 722
271 307
420 491
529 497
918 372
864 813
837 34
349 144
468 12
201 249
965 987
466 591
576 856
134 949
83 749
874 165
97 614
475 969
805 308
274 853
749 885
970 805
459 97
467 245
180 597
673 2
143 240
200 844
646 647
555 718
675 936
883 692
755 769
799 210
264 1
874 306
878 835
418 474
203 886
72 617
991 11
206 821
570 288
50 980
158 901
220 23
586 669
498 867
182 678
704 270
946 338
326 249
991 863
180 783
973 230
402 523
116 35
487 35
657 421
755 293
659 334
181 691
465 452
702 501
933 962
969 35
182 953
215 206
666 493
950 534
404 56
835 245
793 262
42 773
540 305
542 674
25 188
949 587
614 912
109 306
983 995
879 322
93 439
900 874
640 135
121 119
723 929
132 333
969 378
988 142
679 496
337 929
886 61
455 795
945 244
475 689
382 783
404 550
705 13
873 224
332 272
77 1000
852 830
207 690
421 816
425 164
515 467
817 753
835 115
113 495
130 846
822 457
219 283
438 551
346 406
408 325
796 975
443 338
752 806
299 851
855 804
899 133
956 639
462 5
152 696
159 706
334 99
1000 574
458 518
768 704
273 214
223 530
470 501
365 116
853 647
393 513
693 54
819 728
22 827
580 997
782 640
680 552
287 82
962 508
928 291
81 410
184 781
482 807
562 663
192 925
956 32
425 558
935 148
852 598
655 598
54 102
180 179
46 885
705 164
505 711
673 629
884 693
756 582
268 79
475 950
166 71
595 621
919 744
888 858
342 578
827 956
169 816
868 120
712 89
635 163
927 333
690 133
870 663
265 321
914 763
849 326
115 204
524 787
901 482
995 916
732 662
281 70
653 398
13 266
178 898
738 147
34 874
676 982
192 536
506 689
153 950
350 580
977 350
495 628
718 984
117 269
255 360
628 697
588 36
522 220
803 972
192 213
789 590
448 153
149 579
656 636
794 837
195 83
23 668
204 169
747 262
603 720
991 531
150 803
142 527
940 224
604 865
544 926
244 68
154 293
123 786
32 496
866 667
388 885
750 936
655 661
385 581
249 623
419 857
191 704
374 546
802 293
93 606
580 134
343 562
727 472
428 134
287 382
955 469
534 894
798 316
579 685
155 755
85 714
306 653
993 114
369 663
493 125
923 882
413 669
756 436
966 492
318 989
814 374
566 383
562 502
39 255
771 327
460 610
767 973
995 740
215 88
196 792
688 128
288 306
671 919
938 49
843 509
495 203
43 376
812 507
521 599
920 61
177 77
270 863
520 722
543 95
33 14
830 134
804 821
653 470
642 296
870 243
102 945
98 632
241 422
309 963
628 308
440 767
671 725
142 689
814 407
894 774
475 894
735 163
246 186
107 13
544 486
554 819
816 720
658 314
636 34
778 918
306 418
716 804
720 256
547 927
404 227
383 385
291 169
337 483
995 451
10 265
309 458
396 957
53 873
7 74
348 892
912 906
413 765
737 780
364 748
241 995
942 29
201 444
259 703
316 123
446 547
788 679
292 979
625 659
976 534
576 717
903 139
258 888
346 184
907 717
875 382
298 14
748 25
223 442
105 723
783 166
555 46
62 736
747 358
180 763
911 910
825 873
759 181
773 892
210 428
642 262
723 967
716 704
417 997
777 729
884 312
337 901
600 705
167 580
179 539
189 578
750 234
116 706
148 963
601 247
424 903
562 369
865 578
316 434
555 147
466 309
353 806
606 655
758 851
879 846
979 65
188 501
895 860
275 987
519 968
774 838
539 940
549 922
636 913
491 909
353 476
622 967
225 434
142 503
867 362
884 346
375 197
371 755
211 841
445 151
464 848
497 942
86 25
300 365
566 710
364 734
435 221
428 429
788 897
605 47
498 794
426 715
27 204
377 81
291 807
446 586
721 393
474 279
651 273
651 867
994 141
666 602
740 327
253 237
851 155
749 142
826 516
71 794
585 897
838 519
522 169
166 775
385 467
910 193
838 946
973 931
461 811
103 875
860 15
979 131
37 28
526 641
269 295
278 148
733 717
905 734
229 13
443 203
912 742
98 369
188 975
672 352
375 498
929 953
29 244
259 998
340 219
787 846
831 224
773 946
668 654
789 506
831 521
610 773
345 873
348 846
163 39
31 420
430 553
196 847
59 901
221 174
201 516
307 802
31 906
334 944
123 447
654 667
42 414
841 305
439 736
981 760
618 779
267 610
373 296
535 835
316 519
599 942
708 68
79 637
743 274
896 411
279 748
961 833
575 576
639 925
620 551
439 868
953 832
833 67
905 808
137 502
112 795
840 319
533 513
964 929
529 829
646 855
191 240
263 15
343 633
992 517
940 189
619 387
821 726
636 491
464 534
208 27
946 388
283 321
182 185
958 936
185 311
866 246
842 447
729 445
51 424
912 704
401 355
343 951
147 233
297 142
829 977
403 836
220 896
812 16
640 632
570 25
461 447
153 673
288 938
739 934
498 144
455 940
232 487
838 306
999 731
52 826
398 351
440 872
553 389
840 46
720 158
648 688
991 570
64 412
145 739
117 291
923 184
990 340
503 21
88 640
864 352
221 796
468 734
296 278
116 503
316 995
861 797
544 253
582 934
576 601
610 929
307 306
45 89
925 24
918 681
844 309
383 853
951 855
988 152
99 746
408 957
564 271
29 417
237 162
131 392
656 65
377 778
644 118
660 196
788 840
295 239
950 963
668 761
674 493
897 200
831 533
107 483
726 357
566 934
904 309
999 32
572 237
166 751
657 319
322 896
252 69
546 862
144 665
849 121
927 677
584 146
979 905
899 649
578 531
989 958
618 795
49 567
447 942
885 805
7 377
441 55
241 922
658 732
403 966
557 366
239 955
917 433
889 610
120 63
650 878
300 550
14 347
522 150
326 275
111 691
273 15
230 47
652 751
167 740
775 207
716 969
700 159
174 904
901 190
517 233
388 617
475 757
289 34
233 48
727 984
536 453
818 600
818 675
775 545
877 730
215 52
364 240
556 76
553 585
133 528
919 881
686 654
307 120
880 663
812 150
21 932
226 298
559 875
424 413
387 887
362 632
170 348
35 891
275 109
699 989
781 811
969 942
551 191
596 131
751 260
528 365
545 377
567 8
861 660
898 170
501 172
707 842
778 720
244 239
577 156
49 659
4 444
870 355
66 95
808 22
412 869
198 336
118 505
494 86
243 821
73 583
981 564
323 695
809 337
890 571
818 897
771 262
626 495
161 205
799 636
771 234
932 6
211 717
849 376
247 598
333 790
806 153
1000 141
248 613
945 257
633 64
802 952
897 460
153 943
780 787
673 436
371 610
719 134
323 890
777 146
250 162
481 574
577 41
350 990
891 920
102 873
730 973
581 919
380 631
144 425
386 490
794 477
714 159
411 219
510 723
196 969
932 980
447 864
684 83
275 798
627 814
854 60
572 474
77 210
93 335
116 562
692 816
951 937
381 274
833 472
176 464
986 788
257 106
998 792
789 625
937 336
503 337
583 447
647 517
651 491
552 807
112 741
959 49
558 817
585 657
880 102
20 642
665 933
971 542
422 886
508 392
143 473
345 660
612 546
694 218
683 704
553 384
11 867
982 233
523 206
207 959
377 1000
408 208
156 406
185 716
547 900
983 59
368 130
106 969
898 51
90 68
740 933
633 945
726 501
28 722
818 764
630 378
693 909
857 579
966 818
856 132
933 567
570 412
509 541
247 113
347 887
190 195
946 4
847 575
354 27
603 682
11 749
589 98
633 993
864 246
48 69
892 254
456 412
468 52
736 151
159 279
31 917
262 213
881 53
60 414
224 273
936 453
74 305
830 940
592 32
901 135
504 457
793 711
105 856
291 518
392 973
407 114
344 113
967 374
686 7
39 651
345 526
146 985
697 715
704 383
755 617
845 674
756 782
209 574
429 462
355 225
91 648
16 292
919 31
357 966
597 466
358 98
433 390
354 75
441 797
747 425
661 601
258 116
188 971
924 812
48 43
7 409
343 42
452 563
355 753
928 62
246 174
975 358
448 246
75 292
326 277
204 633
947 555
678 497
701 61
293 257
742 650
283 248
785 574
79 697
460 48
587 973
933 710
427 961
607 932
490 453
420 980
745 755
321 784
719 866
29 588
786 281
709 995
524 558
430 782
823 648
22 258
757 203
630 546
507 7
169 760
768 254
474 210
988 686
474 993
715 435
956 993
504 782
915 676
453 467
121 307
32 757
553 966
341 902
431 86
961 191
830 246
503 610
547 820
429 579
637 190
384 891
696 782
740 42
268 506
177 482
616 659
86 907
750 454
871 919
658 305
430 522
595 230
305 262
891 291
347 356
161 382
277 459
685 276
395 746
972 612
125 886
391 887
96 596
761 275
477 387
207 64
383 873
152 219
200 677
476 733
380 14
149 630
907 184
16 733
321 176
597 342
354 502
107 46
380 630
447 535
763 50
168 820
23 323
234 546
889 729
545 292
115 106
245 789
500 361
857 30
511 699
196 479
602 440
249 382
797 694
213 725
833 307
13 550
633 899
168 192
138 25
16 353
110 61
753 976
837 816
75 330
694 539
980 370
965 706
17 341
678 893
205 394
396 15
839 125
98 311
192 82
424 111
453 695
525 347
230 372
177 816
942 103
730 94
797 340
161 127
814 236
971 122
37 464
553 565
993 989
667 199
801 657
5 89
505 170
658 438
423 891
899 43
605 905
991 414
516 932
879 749
195 330
833 246
941 773
637 149
670 972
668 445
16 57
76 146
640 986
252 374
352 960
503 878
913 396
717 753
23 103
545 39
646 468
640 380
80 419
889 808
966 674
108 445
687 648
65 789
742 20
437 877
448 677
859 100
792 683
853 412
507 88
706 47
442 633
129 847
123 121
438 245
295 234
924 769
533 998
59 971
285 169
361 113
890 243
416 678
870 86
991 200
696 488
59 379
448 128
591 743
409 793
909 915
861 560
602 846
338 426
416 438
526 474
2 277
34 101
998 224
383 740
958 584
665 664
721 619
445 484
637 792
347 200
394 55
229 21
100 421
226 496
874 88
763 237
850 831
576 345
47 934
994 384
944 929
505 844
691 714
276 615
39 302
591 132
328 254
731 881
277 282
796 770
98 257
374 146
353 213
623 820
152 421
758 833
46 832
417 549
454 621
556 735
395 642
637 27
231 172
413 758
946 714
325 11
40 412
722 954
594 819
67 62
34 908
51 391
422 293
196 363
271 581
619 578
838 556
61 704
499 371
866 966
670 916
805 730
716 59
568 515
741 129
708 686
980 588
47 117
9 73
111 924
33 475
751 483
724 499
856 233
255 116
224 343
882 24
982 979
199 166
173 405
432 549
724 439
371 903
512 300
900 83
432 292
638 786
298 113
544 664
301 481
107 169
499 434
188 101
376 843
812 796
774 483
478 656
78 695
248 866
845 706
440 44
163 549
422 62
909 812
153 836
896 669
177 455
663 181
41 178
19 432
864 908
526 729
318 562
545 278
42 274
312 491
596 43
31 30
765 576
633 706
285 739
329 245
719 40
747 682
681 338
233 400
539 795
539 203
545 856
137 214
204 550
371 104
247 730
484 416
627 209
852 464
287 732
756 328
340 245
