500
5000
420 173
158 115
94 72
44 421
84 7
103 121
40 453
283 111
215 82
44 274
361 369
355 190
266 36
366 256
151 419
492 314
304 207
482 29
260 97
399 357
193 177
88 102
12 422
287 341
213 356
221 442
41 399
493 491
102 233
326 116
496 40
189 363
446 29
210 10
114 73
160 42
219 65
26 27
440 169
402 118
385 285
208 315
326 173
451 7
183 395
499 153
42 17
99 83
31 373
462 463
171 312
306 198
268 33
111 85
269 278
300 25
356 332
273 320
234 494
452 109
267 424
114 415
371 11
388 327
110 262
397 285
293 421
482 251
376 136
189 455
207 466
2 256
339 226
443 12
210 424
292 284
402 185
60 124
205 42
47 163
379 273
37 442
208 352
192 355
277 454
213 276
391 391
118 259
442 424
470 391
339 280
239 298
265 70
103 347
100 68
325 499
338 99
114 200
386 62
153 89
42 28
206 490
166 410
299 456
316 350
146 133
351 111
332 297
292 312
299 119
50 357
349 241
64 48
278 152
489 262
203 147
394 332
410 137
36 362
232 69
428 226
198 228
36 44
6 400
411 443
27 56
92 477
258 302
453 432
336 181
409 23
397 222
45 442
408 222
476 299
191 283
315 47
408 372
473 468
6 415
469 433
73 65
445 425
355 263
48 440
18 141
277 442
254 413
347 207
78 106
370 328
351 235
384 433
228 60
81 275
164 251
89 155
485 386
110 416
117 183
249 477
43 264
309 95
177 172
442 129
114 328
92 346
51 295
381 8
475 81
6 160
69 402
15 127
195 484
113 240
34 97
300 29
266 464
371 288
324 390
99 163
97 206
109 187
69 234
163 180
479 174
240 453
187 34
269 54
81 365
177 443
137 211
66 345
133 336
328 454
3 41
203 262
148 466
312 148
209 175
95 274
70 10
62 305
402 180
123 299
113 340
408 155
431 156
281 12
208 239
120 216
293 172
208 403
138 237
321 8
69 2
335 351
202 192
340 400
83 161
441 100
61 376
142 368
97 288
169 451
430 488
421 368
379 465
65 406
19 93
66 13
434 423
302 441
473 260
476 198
263 465
139 428
84 207
328 334
50 78
8 184
339 251
168 93
235 260
454 26
55 88
7 5
281 32
217 347
208 39
280 35
329 30
306 432
393 222
98 1
229 72
32 270
261 12
460 133
121 343
179 423
244 349
297 454
371 338
407 149
282 405
242 78
308 449
256 29
373 110
252 142
28 28
463 499
404 220
202 462
364 495
337 343
224 316
271 91
345 185
113 489
35 97
372 168
209 302
194 63
344 249
476 283
430 392
28 411
468 309
2 499
381 68
301 391
50 357
64 356
255 102
46 348
140 418
437 361
431 223
497 238
331 367
237 21
55 460
158 246
458 157
383 188
262 262
109 373
404 30
452 398
224 359
31 454
366 106
389 122
384 63
40 108
466 81
81 37
403 10
97 485
142 181
190 194
312 78
195 235
257 193
155 193
320 325
32 122
416 99
77 417
388 404
81 70
340 12
495 359
99 144
166 316
361 31
413 438
224 347
438 430
300 15
451 51
135 7
254 192
30 116
40 21
333 407
171 340
48 336
436 385
377 48
320 85
425 14
67 474
8 292
2 361
281 111
409 287
31 358
282 333
62 55
450 179
123 100
259 344
486 493
109 78
115 351
423 266
406 364
204 321
74 414
60 80
260 428
183 425
109 72
55 302
52 459
235 175
86 459
112 242
58 394
478 227
87 154
267 250
156 493
447 209
489 306
356 113
283 434
184 215
453 5
250 59
497 185
405 15
14 253
292 26
428 213
252 448
211 77
102 261
131 130
273 404
394 475
193 456
254 149
260 92
363 408
51 462
207 51
342 213
118 399
381 407
70 331
36 182
463 281
269 81
120 132
352 220
438 380
140 306
332 109
378 406
202 418
368 198
499 422
69 88
315 354
367 274
21 242
332 295
81 225
305 261
194 274
44 115
138 372
331 468
245 192
71 329
138 272
364 231
351 88
398 223
236 67
498 158
265 211
195 350
259 29
400 74
17 56
352 421
304 18
312 13
405 79
367 162
166 307
467 273
138 411
168 17
225 356
429 88
120 299
448 421
54 164
230 297
70 146
372 274
229 264
200 162
143 134
7 471
301 172
489 8
7 239
318 166
352 275
79 323
313 135
134 145
306 295
75 76
484 78
382 139
346 452
480 272
145 78
250 358
61 213
2 204
40 74
281 398
249 346
375 183
271 369
493 256
261 31
223 208
261 149
45 47
116 141
166 185
376 288
295 153
32 128
135 439
297 343
420 431
133 358
34 181
431 381
84 308
345 264
484 238
294 122
8 237
270 373
464 266
103 409
482 370
168 142
194 467
288 389
299 151
471 292
47 432
305 28
367 58
193 398
289 210
243 393
192 96
438 263
32 432
92 396
258 43
136 240
249 8
345 343
9 145
26 166
434 87
446 97
15 403
89 91
399 314
472 371
469 392
320 433
359 65
72 448
41 381
307 211
193 444
205 100
172 180
82 239
183 222
171 387
262 458
381 151
498 7
390 453
385 342
30 274
15 205
268 446
277 131
350 367
382 50
327 37
419 464
202 325
391 443
316 447
413 221
202 423
92 102
191 82
281 298
49 6
208 387
343 320
412 109
457 327
255 109
109 482
130 204
490 325
369 210
302 379
331 260
319 352
315 205
380 62
464 290
295 256
20 264
21 311
321 4
164 245
125 233
6 124
430 356
311 430
62 257
210 245
54 128
396 76
386 393
49 470
228 28
59 443
196 447
42 351
243 175
155 318
20 321
497 413
402 395
402 190
128 52
82 39
24 69
86 497
290 118
280 454
161 439
96 21
5 11
87 101
448 30
454 241
86 69
393 196
326 1
188 458
101 245
186 486
80 463
198 269
118 443
309 89
242 329
33 142
467 376
50 217
202 392
75 53
262 122
39 174
117 367
333 448
457 403
305 45
249 480
228 296
283 321
382 342
438 202
193 290
210 358
382 296
59 328
193 312
88 19
386 443
197 75
369 284
375 238
476 475
225 329
365 352
498 344
64 87
373 5
292 464
483 407
127 318
169 163
332 463
57 163
383 448
89 296
499 206
302 304
172 461
24 250
350 237
339 2
372 286
441 156
493 61
346 210
151 263
488 23
60 280
45 301
17 232
260 392
88 162
409 33
475 303
480 283
179 335
353 66
168 361
423 48
33 499
91 222
16 118
238 133
240 57
61 161
260 207
330 231
371 116
302 191
121 249
345 93
475 361
500 487
368 69
271 251
415 397
256 355
416 137
227 35
64 283
346 264
138 406
389 321
25 274
71 400
383 123
88 418
314 309
460 478
227 142
131 483
75 442
393 329
324 81
198 284
112 460
105 385
482 309
176 480
84 463
246 44
259 16
51 133
225 215
108 372
438 147
24 435
136 73
411 104
175 378
210 49
437 312
225 144
420 487
316 359
85 223
228 206
234 254
200 245
479 355
134 412
281 174
165 442
131 240
406 490
494 361
97 205
97 500
331 111
278 115
36 234
189 177
280 472
325 149
249 221
28 387
422 457
164 82
433 96
433 458
196 126
339 296
433 142
249 98
387 184
294 293
141 194
442 215
262 217
66 27
188 104
34 453
173 5
271 491
61 383
490 88
444 202
232 1
496 76
311 443
151 417
421 38
435 497
464 287
323 368
233 287
114 259
250 46
108 20
223 189
393 169
197 408
71 243
216 35
377 142
397 499
254 136
397 174
169 387
449 452
368 489
476 207
140 172
352 37
421 358
435 114
231 291
133 243
436 292
419 236
185 422
300 475
145 102
304 358
405 9
449 216
304 36
432 246
358 256
253 442
436 360
110 477
53 303
271 362
224 35
424 73
495 181
63 365
319 238
19 120
373 41
138 451
264 307
250 36
365 478
488 104
431 166
241 210
372 222
446 3
394 351
456 30
114 292
220 58
303 422
88 271
472 118
217 411
408 185
472 363
139 202
346 371
249 459
290 17
176 69
242 198
380 274
150 396
333 124
146 111
467 372
6 40
401 14
337 346
442 350
278 421
466 205
142 271
33 129
233 164
223 263
300 52
192 405
77 421
427 149
431 355
45 356
294 113
418 371
186 153
272 71
277 487
460 409
175 59
150 313
338 127
7 314
152 94
192 464
367 411
206 152
139 46
149 43
128 467
92 271
246 1
218 299
40 192
231 386
483 97
234 47
118 471
430 205
49 26
235 62
435 177
442 248
40 197
239 438
219 382
295 388
398 355
1 196
437 61
169 430
318 163
178 474
409 65
231 483
181 51
268 313
246 270
270 122
24 156
315 236
77 196
407 271
170 481
486 339
252 9
2 196
400 451
214 118
96 34
174 57
367 10
495 312
284 413
156 195
392 108
50 172
330 268
289 59
14 89
57 69
20 291
23 378
99 59
200 315
244 162
444 471
14 493
8 103
336 172
409 146
12 238
272 462
255 268
95 472
138 37
57 450
235 257
77 306
422 414
353 181
464 81
52 461
101 470
190 422
443 177
362 280
448 162
200 338
272 69
241 391
162 275
291 390
393 103
307 472
420 382
400 8
128 233
477 95
137 407
401 197
53 234
395 346
189 305
425 419
450 169
56 128
394 35
61 305
419 280
20 227
1 268
45 446
234 291
311 40
194 299
352 75
194 250
399 475
113 315
384 477
309 218
331 59
382 316
378 338
72 21
392 395
247 412
142 289
11 127
464 130
277 414
233 201
75 86
95 412
49 233
439 283
390 410
120 439
364 23
445 182
144 375
298 490
295 200
151 275
464 337
31 340
140 372
349 37
402 445
490 387
420 295
207 7
317 382
267 56
187 243
440 490
257 141
315 188
490 436
319 400
233 114
405 316
455 149
321 172
446 330
138 357
221 287
92 120
282 443
122 125
490 465
459 430
43 300
194 409
219 72
408 1
444 18
173 333
230 10
142 20
63 388
354 66
368 411
212 118
323 317
470 271
212 274
58 432
371 185
146 258
445 174
74 489
440 457
119 415
157 26
258 453
314 58
105 16
86 419
187 4
472 349
259 115
61 5
163 222
221 199
289 53
26 100
372 61
266 144
391 76
472 457
476 419
241 343
392 346
247 284
4 68
18 9
346 98
302 397
388 32
199 420
146 269
159 20
378 315
308 196
18 195
165 306
290 408
133 15
154 38
376 440
41 325
72 487
449 31
413 446
369 313
61 490
207 308
385 96
395 113
100 379
132 223
282 257
101 89
421 346
214 173
367 460
199 171
240 460
226 29
130 347
306 108
193 264
198 376
243 146
351 217
141 461
217 133
106 185
216 225
156 372
299 282
456 500
21 450
185 29
409 427
460 186
93 258
65 197
203 426
257 48
109 420
37 262
213 291
2 252
146 473
199 481
323 173
344 214
184 325
40 465
397 137
48 348
454 423
500 12
470 318
138 107
243 151
379 474
273 477
486 456
481 411
257 289
85 296
377 341
194 407
312 129
10 415
387 190
196 150
143 129
160 465
302 286
259 441
103 314
66 488
303 430
105 291
296 263
154 388
10 246
261 395
7 245
381 279
224 332
2 269
1 242
25 42
496 388
472 13
74 454
492 238
12 281
317 199
366 442
104 56
164 274
369 475
256 309
423 427
46 405
290 249
13 236
111 282
201 24
28 389
254 131
29 362
320 199
91 181
346 286
2 495
480 465
5 6
261 66
459 85
323 284
70 58
364 367
382 452
476 83
395 1
5 395
472 57
265 329
141 495
127 249
156 396
312 273
357 211
374 421
130 5
127 39
278 451
452 99
119 389
167 367
476 275
415 492
55 466
91 99
377 177
377 182
8 377
92 281
184 79
376 298
354 421
128 142
225 355
334 341
382 116
243 90
160 173
430 301
440 255
263 348
441 308
58 200
68 70
87 286
196 437
275 79
354 91
245 163
180 5
287 111
327 265
470 356
367 103
443 86
371 57
78 19
7 237
412 84
296 307
232 435
431 140
337 121
14 37
340 398
42 81
129 198
311 238
302 261
411 365
278 394
211 98
344 125
1 172
240 27
363 275
241 170
210 417
458 286
475 251
434 365
227 365
34 182
23 456
14 114
206 125
46 168
473 352
422 387
122 111
398 42
116 422
457 466
81 357
35 352
326 406
227 483
24 497
329 252
341 192
411 268
197 371
316 119
53 122
22 329
170 381
318 64
72 263
421 11
206 269
79 388
193 417
237 110
219 498
210 375
177 198
396 76
200 482
424 341
204 261
81 389
417 183
299 446
218 103
117 259
466 214
435 11
389 368
278 387
196 328
141 253
453 477
154 9
129 499
217 68
332 199
116 435
465 83
498 296
347 160
273 133
64 415
25 24
404 429
465 114
333 306
63 312
388 309
194 9
171 376
10 249
399 343
81 21
272 21
382 170
466 11
46 321
378 344
293 89
402 118
326 229
23 348
79 383
343 109
408 486
369 156
344 282
86 126
491 498
361 215
496 48
236 45
332 354
14 86
450 368
356 227
145 263
439 299
36 278
97 182
175 40
284 17
139 351
453 448
27 336
10 101
173 189
13 47
293 342
336 11
263 232
2 499
6 309
466 394
475 427
207 150
391 137
152 229
363 309
380 342
179 128
269 249
200 135
327 138
482 300
44 252
146 397
120 478
100 425
210 308
364 336
287 419
32 352
487 12
493 233
429 466
298 129
472 136
176 401
183 355
83 12
144 335
342 447
490 115
30 28
28 253
320 59
59 184
331 135
230 361
132 186
57 214
224 69
151 378
241 388
148 151
481 67
265 472
417 226
320 447
350 69
90 495
161 440
113 291
287 288
473 222
430 243
144 188
167 435
385 450
278 83
89 230
355 300
94 334
383 76
322 256
110 261
410 365
299 463
206 321
125 390
9 127
233 298
125 448
248 295
500 354
368 290
248 165
41 155
172 117
199 344
475 448
396 446
312 233
342 212
368 390
208 460
490 179
63 292
360 145
53 214
24 419
241 62
357 351
253 477
133 374
392 10
5 158
481 438
188 60
43 131
2 388
79 131
265 338
51 286
407 217
344 169
2 344
377 384
362 135
248 54
349 154
321 381
481 67
69 453
167 261
361 441
53 191
44 464
2 2
268 498
39 33
58 170
161 249
342 427
463 40
276 152
151 456
254 295
499 435
228 425
199 278
161 261
327 227
486 52
338 37
271 90
495 115
366 237
25 279
331 119
250 320
154 74
366 251
49 199
408 228
79 88
242 449
13 159
373 214
280 248
14 448
163 368
495 209
301 63
369 177
161 184
414 358
238 26
81 405
499 155
102 396
314 79
461 270
73 464
402 135
92 9
336 254
227 200
113 180
248 472
247 98
367 347
179 76
464 352
257 133
420 150
316 171
94 446
250 60
273 37
77 460
347 129
131 29
421 306
69 307
308 385
6 100
476 257
4 316
380 232
25 47
198 377
54 403
323 256
488 325
133 39
31 369
136 31
288 318
273 56
42 287
336 347
319 63
16 43
478 90
96 391
115 334
248 153
96 282
230 328
34 323
386 399
364 116
138 55
391 75
81 217
83 166
119 130
99 348
189 120
249 373
374 471
369 38
343 76
361 15
186 315
263 2
460 358
373 391
359 269
477 415
98 220
276 368
393 210
14 442
464 368
214 275
60 181
215 470
442 78
46 238
185 129
315 370
409 110
256 414
154 343
237 407
160 63
296 106
127 305
35 299
327 329
380 423
427 196
458 98
188 410
471 145
57 214
388 367
136 261
499 338
436 205
143 203
496 188
258 286
412 135
388 345
380 355
144 165
427 125
337 288
434 295
50 110
434 111
148 368
446 169
172 263
371 310
273 6
477 384
354 91
289 142
123 195
20 2
476 72
410 204
200 219
150 53
346 473
456 57
410 43
322 71
214 291
30 56
169 389
227 218
145 347
32 458
138 298
99 331
427 466
403 457
172 318
133 163
452 457
203 164
484 474
456 149
427 392
114 36
312 247
128 311
205 359
439 456
292 341
303 2
440 368
440 450
219 95
312 469
79 266
161 111
27 137
124 122
483 8
294 446
438 349
396 314
30 198
219 311
335 34
45 268
34 306
415 60
486 27
218 147
40 440
163 389
185 407
26 78
463 27
442 347
332 359
433 27
464 158
176 290
209 170
473 258
343 175
162 90
481 65
17 180
459 233
24 217
400 139
273 83
452 336
258 98
445 135
264 241
263 138
79 67
232 3
87 27
227 407
102 422
342 91
356 48
431 250
163 437
188 203
38 111
71 382
419 208
272 277
246 287
148 429
259 182
130 179
414 33
8 156
228 269
423 45
171 301
479 128
462 308
92 277
293 27
185 252
377 498
144 143
132 239
385 360
251 35
189 361
335 243
177 143
347 284
40 261
61 273
411 437
250 299
70 299
331 480
241 138
46 323
484 271
86 328
304 313
7 82
331 260
181 257
209 319
476 142
230 494
320 266
151 254
324 36
29 214
24 436
161 423
494 318
174 147
283 272
46 269
256 184
445 39
151 172
322 432
290 383
361 441
143 298
25 53
301 408
385 86
338 356
158 19
374 158
49 330
438 41
492 480
62 375
284 278
304 222
457 411
187 1
442 5
448 382
205 37
85 223
176 170
38 290
495 39
430 391
7 357
436 141
379 374
489 256
163 317
258 459
297 193
42 74
488 73
59 2
91 332
224 224
132 47
115 62
359 281
477 308
190 477
488 191
313 226
212 161
62 22
213 374
184 424
165 257
281 15
363 331
106 143
275 9
479 133
242 408
184 486
403 394
236 2
393 142
50 5
189 252
112 186
242 401
207 250
461 166
71 390
352 316
87 121
112 213
162 259
291 74
431 470
298 299
381 155
96 481
37 355
216 174
433 353
494 280
315 271
450 425
177 425
96 296
144 254
257 197
96 493
171 84
309 297
28 194
302 289
278 113
1 111
319 210
486 380
290 47
420 386
325 105
310 125
156 383
288 361
133 231
494 214
118 317
213 253
152 382
326 273
148 102
331 26
145 124
199 448
241 221
334 212
228 201
1 35
383 118
245 87
90 370
42 350
287 288
427 478
73 260
124 21
297 297
232 373
337 116
169 92
45 392
309 124
401 440
248 363
407 425
197 177
64 155
90 358
109 227
81 233
384 440
93 114
466 90
121 184
495 88
189 222
453 297
164 105
365 379
373 150
14 219
269 458
165 190
16 435
194 368
380 453
382 164
13 395
237 205
3 207
326 357
222 141
273 119
310 474
208 225
293 475
106 318
357 211
472 333
322 101
400 21
124 237
147 303
108 334
1 19
133 202
168 159
499 484
224 435
397 99
95 224
243 270
474 401
58 199
315 21
11 402
15 193
142 426
244 141
166 382
333 91
273 418
402 292
495 376
243 71
61 456
112 376
69 424
454 19
358 39
81 228
255 69
388 382
326 186
127 368
143 33
347 481
191 175
497 69
242 77
351 408
480 119
275 350
354 355
86 198
412 309
141 350
199 262
302 97
222 197
249 299
398 450
303 417
125 305
277 490
233 462
204 131
270 361
293 58
155 245
489 49
132 384
377 318
235 439
18 167
486 56
283 113
500 64
301 495
156 254
443 111
350 490
402 264
105 408
354 351
180 167
224 482
14 130
422 477
359 225
497 115
442 22
122 268
23 476
138 103
156 286
150 453
317 385
341 364
178 483
113 357
207 64
75 240
232 500
85 394
226 198
492 229
217 424
414 264
115 431
327 68
76 424
486 321
496 175
338 301
226 253
81 95
318 271
71 205
121 328
58 155
182 326
63 243
14 122
212 108
272 177
422 3
81 188
387 270
444 103
39 297
111 25
318 405
76 3
369 203
3 178
15 95
422 271
224 225
361 21
475 73
49 358
477 25
412 293
24 207
232 497
14 395
209 399
317 453
481 53
178 281
319 453
104 437
92 8
259 267
143 162
143 314
345 343
491 80
467 54
441 399
257 469
112 328
28 246
160 270
304 419
39 363
278 246
415 217
91 269
231 385
230 169
69 239
352 208
352 481
133 27
84 53
346 460
313 437
7 309
2 354
311 157
480 174
1 405
315 155
249 344
256 494
397 366
456 54
117 412
176 496
25 208
445 70
126 168
212 444
270 244
140 190
51 193
83 181
69 242
374 376
141 52
38 468
48 101
179 338
335 441
334 447
154 335
241 53
488 182
381 248
438 388
494 175
131 73
470 104
456 109
488 106
144 241
190 382
261 211
71 191
419 139
455 307
281 240
403 357
92 349
475 271
107 261
97 55
35 407
490 301
238 324
235 426
153 313
142 155
365 216
252 333
140 229
343 362
380 57
148 232
419 43
243 441
437 303
337 259
348 494
38 155
205 88
465 492
479 413
333 426
264 284
470 203
494 64
301 135
145 33
103 391
182 95
21 92
436 236
238 159
200 430
298 61
310 388
139 34
392 385
340 439
109 226
207 283
146 84
255 48
121 194
178 106
419 436
113 354
115 477
162 135
498 21
439 342
327 396
229 138
26 79
435 139
389 426
347 341
433 142
87 500
286 351
269 457
431 279
145 345
65 280
156 463
434 392
161 41
403 293
67 384
487 146
49 464
431 124
184 420
229 63
390 131
16 138
279 428
380 386
10 65
98 287
470 254
60 442
87 143
111 335
266 143
264 114
26 203
253 43
146 145
335 388
335 18
333 243
467 261
476 179
459 150
60 63
328 415
48 292
227 13
269 500
90 192
289 476
186 265
100 384
214 460
260 292
249 144
461 254
66 107
131 306
54 198
494 100
72 158
209 10
23 256
156 25
167 118
370 142
163 275
128 70
370 493
261 179
125 57
273 496
408 338
218 147
296 264
375 129
458 61
102 183
443 378
342 95
294 476
56 493
115 223
292 475
205 433
205 281
271 14
288 283
219 444
189 12
362 371
59 127
115 117
445 206
40 97
164 459
13 314
195 16
442 365
481 196
108 66
76 296
436 1
450 114
293 259
64 284
169 183
58 456
456 124
160 477
102 187
216 341
128 392
209 21
346 160
285 225
370 411
437 401
187 446
11 369
442 231
15 447
499 85
263 128
293 406
364 34
453 276
206 352
47 342
97 323
61 14
134 63
231 255
270 453
131 276
156 381
139 114
296 169
235 109
143 371
79 323
149 294
206 8
13 258
45 385
266 410
461 153
110 381
356 215
449 18
170 103
281 30
432 447
22 356
220 469
291 413
160 323
351 458
245 297
260 241
314 167
354 36
363 61
208 490
395 87
356 205
186 27
449 93
461 176
183 410
40 447
405 230
240 301
456 482
72 114
162 131
296 220
443 316
310 498
479 266
382 297
160 307
377 219
221 368
253 116
190 86
81 20
127 168
96 41
302 361
350 150
465 150
221 159
360 66
263 382
176 199
464 489
351 102
463 259
248 465
110 459
14 224
29 454
338 54
494 356
177 164
313 129
482 217
397 416
476 10
242 308
412 107
42 396
445 240
7 354
371 213
474 53
223 196
284 315
14 253
369 68
90 491
289 499
81 68
176 398
93 424
54 406
446 134
355 37
360 173
171 428
135 104
288 58
239 473
10 82
398 79
245 314
9 156
134 310
91 422
176 322
72 405
136 19
204 377
219 43
261 156
500 325
469 293
497 35
380 385
478 272
468 126
338 487
25 421
293 323
90 496
450 102
248 284
298 195
470 210
228 13
491 66
192 36
426 220
103 492
387 21
354 238
369 235
29 205
372 80
124 389
475 351
366 36
392 173
157 19
466 393
85 282
230 219
384 117
379 93
222 131
246 393
304 262
132 96
82 322
269 5
20 192
323 110
315 370
278 94
481 289
337 157
419 132
494 488
255 57
417 448
74 157
27 152
312 20
111 376
387 188
416 383
101 146
279 496
225 207
203 29
46 37
491 121
71 164
495 231
114 163
94 39
499 10
59 213
15 388
396 322
437 28
314 36
193 376
360 192
44 106
272 368
380 98
450 314
284 366
344 350
429 292
448 439
289 484
301 396
300 283
109 460
296 340
166 199
497 203
192 454
110 296
487 298
127 325
297 15
6 89
3 354
245 161
453 122
53 369
477 388
342 48
192 476
178 29
207 205
427 157
370 92
151 70
327 220
67 73
49 156
10 238
79 254
394 147
330 35
312 133
435 239
137 487
382 344
454 336
457 311
394 373
180 394
83 344
145 337
326 229
179 461
497 181
138 425
424 19
393 308
39 174
198 488
13 66
470 39
343 41
65 283
253 277
461 270
363 69
232 277
280 154
154 225
258 352
286 489
463 288
396 449
143 215
228 215
196 153
4 423
2 154
337 232
147 210
163 207
72 366
416 129
85 473
89 94
274 231
282 228
277 164
342 64
82 109
46 450
402 323
438 225
167 49
119 178
83 196
324 333
42 83
79 160
474 293
47 231
491 467
161 358
135 129
49 28
263 108
403 141
425 84
377 450
475 420
494 218
354 287
464 284
408 47
429 489
476 5
238 242
412 289
201 359
178 336
229 85
322 118
171 275
171 65
267 268
457 169
336 142
406 323
346 477
480 222
301 72
436 80
303 56
247 244
455 476
170 378
477 159
233 373
61 269
281 59
227 485
6 40
231 244
194 328
251 95
148 424
446 375
252 234
321 218
333 295
247 8
2 248
107 201
490 363
437 30
78 20
219 165
69 499
319 381
326 399
201 64
383 312
171 12
365 86
377 161
112 99
475 194
317 335
440 407
158 457
30 194
256 396
347 178
409 326
438 349
174 91
45 112
118 222
372 372
151 31
414 14
407 263
9 316
15 298
388 409
434 225
476 276
91 337
488 433
491 32
149 290
333 162
475 442
62 123
190 98
43 47
487 416
379 88
125 172
35 97
199 70
360 280
489 66
165 344
147 441
148 282
454 483
201 152
290 184
100 400
47 198
450 241
391 432
78 456
273 119
175 250
160 411
487 193
198 275
291 209
281 373
306 362
9 186
227 2
93 104
433 214
281 222
218 465
279 447
164 48
7 382
404 356
353 23
112 436
378 355
477 363
351 58
333 299
126 396
428 413
459 215
2 238
263 201
157 138
263 486
471 396
239 102
353 247
43 429
253 145
12 44
241 169
464 154
282 470
390 78
331 97
77 324
467 238
160 251
311 278
11 483
46 100
130 89
80 287
245 25
246 126
429 449
459 274
444 127
331 115
349 37
280 325
438 303
95 196
166 107
108 355
452 194
350 248
14 118
438 348
146 455
419 288
117 144
313 181
53 82
255 151
429 491
485 54
169 81
385 76
52 229
402 113
188 209
75 227
121 232
22 85
67 33
175 308
86 144
107 56
456 335
386 57
170 389
240 182
483 180
232 166
1 341
188 305
143 182
429 208
154 484
16 162
286 375
145 232
220 42
36 35
483 62
178 308
163 143
276 313
176 255
310 391
396 66
51 305
408 442
246 478
327 324
428 244
311 246
237 15
208 218
256 68
54 406
96 479
292 309
478 463
485 255
340 21
400 34
60 14
447 353
329 278
493 172
401 450
436 83
489 201
81 321
433 409
12 137
495 440
121 213
296 283
311 93
276 354
269 161
385 500
52 125
213 478
298 24
161 124
32 428
162 154
236 270
353 297
408 8
143 172
280 187
240 311
389 458
83 328
272 153
136 247
72 203
182 161
484 251
145 399
274 226
236 415
97 301
190 473
191 468
231 283
108 3
410 157
198 422
234 468
476 499
104 427
173 318
438 222
426 23
358 265
215 109
74 388
173 381
3 500
9 147
265 1
431 196
157 294
88 14
125 423
90 378
499 296
479 144
236 179
136 203
176 78
171 154
33 163
338 241
279 423
396 397
160 387
123 443
335 440
129 16
205 254
419 226
372 79
482 232
363 396
189 134
152 449
275 1
256 216
414 210
426 69
455 317
108 239
239 402
267 205
146 386
358 498
262 357
14 267
401 197
103 299
393 167
260 290
338 351
272 295
184 307
318 482
48 274
330 328
241 195
475 85
93 472
97 237
12 358
31 92
199 288
242 246
373 101
41 176
390 265
34 347
351 425
482 238
354 428
53 73
121 249
39 298
249 205
209 53
380 301
285 469
433 107
15 320
343 363
53 426
18 442
109 171
249 50
41 25
268 392
495 246
99 382
433 86
167 408
222 258
138 179
46 230
21 15
338 250
230 386
488 175
258 428
198 46
120 215
171 77
202 475
375 342
391 425
451 222
75 64
141 432
115 351
157 425
239 449
140 40
400 333
322 439
391 332
118 31
135 315
442 431
364 313
153 67
199 369
456 351
285 204
484 380
303 41
488 145
301 342
157 39
205 50
256 39
180 198
233 345
205 461
424 354
423 397
496 277
333 85
469 216
393 392
105 84
478 236
186 117
335 77
73 82
266 497
462 270
459 184
399 17
166 432
477 94
346 1
80 294
410 488
112 303
37 362
54 448
156 17
57 438
155 146
182 428
493 407
431 154
364 117
176 23
196 390
184 149
233 26
346 180
156 457
249 134
333 254
175 61
38 470
95 347
290 15
258 130
290 340
46 474
87 428
158 47
138 22
21 13
174 332
368 74
490 130
242 279
169 396
316 102
391 70
485 387
408 20
14 278
128 122
392 117
449 369
273 111
156 83
472 47
214 431
168 471
195 500
139 130
151 25
403 92
12 73
361 211
219 235
461 390
105 252
280 262
138 347
261 477
89 230
125 197
102 423
90 398
182 18
449 124
365 359
389 367
186 152
285 205
2 186
257 426
393 130
374 115
216 178
411 263
25 208
2 159
381 69
410 320
179 55
394 143
489 186
72 41
215 228
367 407
330 40
110 93
233 349
148 419
257 396
141 483
478 172
404 235
294 391
483 281
82 187
388 157
379 258
31 192
255 76
343 494
289 400
13 403
16 87
405 190
191 332
384 45
78 106
132 306
272 207
467 424
65 374
351 401
319 69
395 336
478 16
385 466
213 95
228 80
336 414
341 137
125 73
131 417
163 100
114 478
164 241
187 378
261 301
297 445
338 270
357 27
81 342
410 11
404 78
30 56
124 145
433 111
339 284
495 61
255 219
160 363
153 239
133 144
199 107
43 415
245 157
371 24
475 212
440 451
382 298
123 191
2 56
455 345
408 316
220 268
356 187
408 258
191 149
369 187
64 58
21 166
416 75
263 481
398 434
456 174
208 45
22 148
256 301
455 446
431 347
203 172
306 306
8 235
232 202
191 133
137 76
365 242
4 112
302 369
156 184
136 442
352 273
198 468
119 411
243 252
225 459
207 389
498 63
263 473
81 8
188 153
36 44
372 222
33 219
356 76
17 461
340 43
128 348
207 351
346 30
327 495
202 122
315 396
348 101
339 215
391 109
455 411
214 139
460 423
87 424
12 64
414 351
423 66
56 371
454 366
415 132
348 403
144 220
172 185
445 461
337 476
260 227
104 329
219 390
93 138
267 47
242 299
392 309
393 5
123 493
152 40
308 106
255 173
251 446
10 230
458 38
36 398
262 78
110 109
155 452
93 257
397 241
382 114
446 353
29 358
71 417
84 314
360 132
71 279
150 451
8 395
209 481
298 16
13 322
84 209
18 419
59 119
68 389
12 307
224 115
176 130
254 97
407 258
355 40
376 429
303 395
183 443
158 22
273 57
136 436
220 442
307 146
493 91
330 41
54 110
496 86
215 31
115 413
97 8
272 456
28 246
163 451
431 399
116 30
80 345
395 472
76 418
249 229
169 449
478 361
75 122
370 57
67 485
12 61
54 497
405 477
99 308
162 442
4 400
88 245
162 307
443 419
34 91
55 457
492 353
136 285
90 399
323 42
255 101
44 62
429 344
211 70
424 312
160 461
14 169
452 221
449 480
51 281
424 450
428 323
313 468
175 411
323 162
492 78
375 134
386 5
413 221
56 365
324 292
170 344
191 39
12 356
443 120
338 67
433 294
152 30
28 392
446 344
283 188
366 167
131 496
195 397
107 49
52 265
358 464
269 10
98 338
384 298
235 246
440 178
24 340
266 81
191 359
341 402
473 25
105 3
405 41
77 127
367 358
272 205
358 489
485 442
13 253
97 204
89 311
220 363
269 10
113 170
483 309
190 94
70 477
246 212
94 472
362 134
440 413
395 143
390 280
163 499
73 231
124 53
155 180
117 142
87 235
336 42
453 237
371 282
351 349
125 163
459 489
187 53
441 352
313 39
446 304
40 349
162 43
461 135
315 58
466 326
324 208
275 172
334 7
29 473
271 231
132 249
234 398
86 174
395 143
164 44
402 166
371 360
496 205
316 132
241 270
322 234
161 288
380 347
487 395
37 406
82 169
220 320
106 267
333 465
424 309
151 305
263 80
392 62
472 246
253 340
345 391
407 200
116 422
293 174
500 126
415 359
454 247
208 187
333 310
210 318
105 15
397 470
2 292
294 154
117 345
299 188
197 218
263 194
440 244
304 138
164 214
390 498
387 256
101 432
290 107
225 290
364 321
400 453
196 439
306 178
460 463
435 82
388 427
448 63
256 451
196 413
331 205
361 128
126 133
53 381
305 365
408 65
304 127
439 180
465 127
15 442
170 295
399 294
308 126
376 254
393 483
163 294
218 315
394 168
210 173
392 203
348 141
37 430
128 322
117 8
62 418
160 157
130 104
392 99
230 315
431 50
59 409
128 254
117 399
264 379
113 387
362 196
329 439
135 236
60 466
276 72
17 126
123 379
123 21
325 74
95 234
26 288
364 66
185 162
300 74
498 20
79 11
291 269
329 301
226 154
290 27
322 62
474 430
155 385
443 451
57 267
184 107
120 360
106 430
395 158
172 115
427 363
404 227
305 180
463 278
137 466
261 142
117 9
4 106
109 231
309 30
399 366
386 409
407 359
232 55
401 107
106 143
139 59
373 20
134 449
269 178
318 491
490 213
138 57
415 425
465 381
458 131
281 10
212 55
40 163
394 382
189 337
43 195
294 4
367 382
60 85
397 113
350 126
77 257
488 500
160 239
210 247
62 461
226 493
45 218
412 444
455 5
410 345
391 291
73 469
64 465
414 41
484 334
437 247
467 69
32 156
354 493
122 6
441 363
34 432
195 194
367 424
181 278
358 439
11 168
31 152
290 394
227 66
327 18
226 344
85 432
431 23
11 267
179 393
97 297
146 496
353 474
438 159
371 260
31 306
26 65
464 111
136 454
71 484
346 185
461 229
405 390
258 194
253 42
473 222
332 384
1 61
75 64
227 211
342 179
252 429
384 446
305 393
489 199
306 157
480 438
204 61
235 458
190 282
313 204
14 31
162 461
249 418
367 483
443 293
428 2
213 313
311 9
222 161
242 21
244 145
342 303
128 349
42 413
440 100
378 245
164 111
337 464
489 329
39 34
123 437
325 332
116 426
333 99
240 206
71 246
472 146
409 459
243 421
448 364
175 88
217 252
163 126
454 28
375 251
237 66
145 262
33 213
251 30
3 430
363 290
27 19
24 208
457 63
19 66
465 317
160 473
237 364
438 329
166 26
230 28
356 85
11 42
146 48
177 443
158 314
160 437
291 226
104 101
193 260
352 115
345 408
132 213
275 14
65 495
498 301
454 165
231 105
100 304
175 41
7 42
411 157
254 110
159 157
1 324
157 30
487 385
486 78
276 94
88 18
187 193
338 462
390 499
115 113
383 96
41 153
7 3
274 404
160 358
406 35
76 435
231 455
144 133
137 488
236 293
66 271
15 181
356 352
371 235
435 153
436 98
98 15
334 291
462 154
111 386
316 377
228 94
486 122
119 64
374 196
249 365
29 338
101 68
118 375
288 293
303 379
345 383
73 317
107 176
192 269
119 61
103 431
174 94
239 359
408 381
19 173
278 364
362 81
187 62
134 210
92 290
360 431
420 252
200 297
287 10
168 272
99 196
139 343
428 485
433 333
52 317
376 167
449 101
432 443
158 460
279 216
74 293
177 45
127 392
474 484
209 269
199 112
294 224
392 165
447 495
346 297
475 295
193 76
311 328
37 184
313 223
149 328
348 476
219 332
100 205
288 180
146 369
113 55
20 221
342 96
284 165
152 213
377 231
382 223
480 285
294 361
38 278
195 135
224 323
321 201
168 478
42 148
32 182
444 306
412 236
458 381
430 205
486 147
77 247
5 83
188 337
145 431
226 120
240 422
295 162
158 291
190 313
295 185
272 350
25 278
489 427
264 291
421 25
431 495
491 249
300 330
201 18
242 93
80 368
33 351
464 297
381 204
144 121
342 304
22 283
166 384
165 356
439 471
229 363
366 455
435 448
86 378
213 426
282 99
32 198
157 267
450 163
355 452
127 137
496 108
93 445
388 92
322 3
224 148
146 258
429 352
492 268
252 356
87 372
171 416
409 467
79 15
310 43
382 326
344 122
164 208
382 30
290 183
321 350
144 171
217 72
351 392
107 312
369 340
238 300
309 410
260 131
472 82
76 280
381 240
17 140
184 33
337 336
154 89
46 255
172 440
36 252
359 382
395 34
80 489
297 174
376 405
35 102
450 29
111 118
30 133
33 304
88 403
500 344
285 10
475 83
47 340
113 95
127 58
274 488
347 339
233 399
437 323
253 467
472 313
17 272
157 410
313 243
467 177
136 124
450 469
209 339
155 105
97 487
430 340
57 28
463 49
385 340
7 458
311 65
357 383
331 297
332 327
433 432
446 151
57 216
112 427
110 263
182 380
324 347
338 411
494 150
23 113
415 60
135 326
189 51
362 447
7 393
251 225
495 274
280 276
132 48
339 204
405 146
167 33
412 106
92 191
17 308
227 388
236 157
396 410
233 175
220 394
56 350
270 322
269 378
164 340
91 56
127 276
329 388
388 479
1 53
258 492
233 314
9 282
260 203
130 200
425 472
127 14
411 225
307 200
86 269
32 259
407 397
190 299
415 203
50 323
363 65
188 63
141 414
76 31
119 26
147 488
115 218
235 105
380 318
96 342
339 96
237 339
263 401
12 282
87 415
314 165
264 416
433 167
120 338
358 178
367 463
124 113
446 274
22 209
93 332
265 298
351 46
360 498
287 232
124 496
228 197
295 256
147 75
219 435
187 397
428 239
130 433
179 477
337 408
313 120
376 390
260 341
157 33
196 29
385 292
211 431
458 283
280 449
446 413
40 361
127 491
394 175
379 311
478 333
230 355
321 405
364 152
450 293
230 396
68 436
457 316
386 77
36 215
262 391
76 319
335 312
14 91
418 363
109 393
361 469
435 193
349 409
331 248
29 63
170 285
466 65
367 452
148 326
53 475
191 46
487 138
333 405
289 107
240 390
47 322
439 454
471 202
468 60
97 421
76 40
55 133
414 62
247 207
254 350
289 321
484 188
354 401
383 80
396 257
293 482
215 221
350 371
53 332
301 311
251 476
198 411
95 360
277 320
220 478
124 12
480 272
255 182
459 422
345 3
20 39
116 147
300 270
490 227
124 131
87 264
309 169
161 100
337 35
135 288
178 264
225 43
391 475
280 54
252 259
427 454
161 75
167 149
483 482
89 219
113 66
152 268
236 341
313 400
362 7
79 237
75 200
467 279
31 331
22 181
129 384
473 223
441 382
251 246
331 489
48 403
373 43
163 86
192 124
114 301
12 413
495 420
464 488
93 281
279 487
240 153
254 20
444 431
238 176
262 354
381 401
134 69
362 444
160 194
154 12
211 298
106 351
415 37
94 382
478 290
312 138
347 220
481 351
314 273
340 437
17 160
9 315
113 76
441 278
330 228
81 122
159 270
204 182
160 133
151 154
466 104
394 269
398 413
120 13
255 44
199 211
408 301
29 475
202 162
351 382
253 439
368 429
117 203
277 202
484 97
300 124
201 238
352 307
236 366
134 10
159 297
210 461
89 460
363 125
442 387
64 67
42 483
491 341
279 18
439 3
3 49
247 312
382 462
243 155
204 102
318 188
488 84
439 316
364 329
305 79
290 453
428 188
454 399
120 48
83 499
98 284
435 447
332 351
461 270
350 189
107 466
82 313
199 32
259 17
352 309
112 324
308 95
304 134
436 144
465 214
68 10
165 424
340 1
414 288
240 11
481 422
414 325
16 354
51 8
31 211
473 445
55 292
492 223
142 26
364 177
331 424
182 50
348 152
218 14
393 336
485 494
308 436
18 139
117 253
481 383
33 28
14 260
390 98
391 340
347 285
56 328
482 339
440 169
374 168
82 402
360 497
17 147
291 495
392 222
93 337
395 40
421 426
395 118
234 372
43 176
199 298
66 210
220 391
404 15
159 299
156 53
73 35
254 182
329 130
155 166
450 424
333 399
358 270
457 181
110 311
383 401
249 497
65 120
46 275
5 463
58 300
289 119
126 364
217 196
456 40
468 6
318 390
304 140
355 226
318 179
393 71
320 340
115 133
12 359
3 110
495 265
245 370
367 205
366 334
368 304
72 399
474 328
357 256
483 191
469 372
265 212
63 410
94 40
371 178
169 20
132 14
456 383
346 49
194 348
157 134
104 91
328 272
54 371
463 33
313 469
141 446
232 33
154 18
468 157
132 479
202 332
283 361
53 47
120 452
470 11
70 157
402 481
322 303
116 275
447 246
366 107
380 263
139 89
69 200
487 109
21 213
406 8
341 62
429 297
302 219
195 126
453 351
287 69
170 363
462 25
30 257
462 483
285 472
156 497
152 379
35 379
38 254
386 327
79 56
434 160
373 298
185 444
271 105
116 372
291 169
453 223
328 40
382 275
281 381
386 58
396 354
93 217
345 244
434 173
115 415
354 338
346 71
276 267
98 326
224 266
449 458
29 445
356 74
418 92
36 204
51 380
197 317
65 308
419 197
347 415
364 198
38 356
317 69
5 113
102 262
240 494
180 491
245 252
179 179
181 88
283 446
342 487
151 256
340 414
287 110
336 240
300 303
303 71
55 185
210 265
222 301
455 64
71 385
407 148
436 222
90 304
154 43
24 165
454 278
131 378
139 188
353 154
19 70
453 157
171 337
417 332
69 93
389 415
345 491
353 301
421 180
345 295
314 242
15 187
408 175
391 41
382 117
180 13
384 413
77 45
274 191
457 404
408 9
88 478
252 412
19 434
97 5
3 161
221 255
324 440
13 467
183 109
228 269
20 84
301 288
361 310
17 297
496 278
113 225
38 240
237 385
105 476
466 405
191 456
118 477
206 138
486 218
188 383
457 364
85 59
430 213
144 108
472 396
34 390
447 146
108 237
150 300
375 371
424 260
303 232
197 482
88 283
123 344
83 64
37 33
491 458
415 340
167 494
421 25
37 418
355 490
53 219
357 102
383 493
170 98
329 102
367 441
27 389
485 417
132 47
243 231
348 284
308 337
387 167
63 369
413 158
348 45
165 344
103 64
274 379
1 284
298 429
243 261
392 18
189 282
380 397
485 37
354 351
463 19
391 75
484 101
388 338
446 379
322 145
258 398
246 154
74 211
199 81
323 55
299 444
241 54
479 85
230 431
170 128
294 266
380 358
386 153
440 144
369 81
38 4
219 414
239 96
98 90
293 457
184 53
467 417
271 290
5 458
79 34
133 225
309 112
149 61
165 4
140 233
411 202
191 500
419 39
51 143
302 275
140 484
53 153
474 373
343 61
181 187
314 438
472 165
207 442
172 255
121 132
336 67
135 216
129 29
89 122
213 256
320 268
347 403
278 225
130 88
42 238
384 493
218 173
159 478
451 129
391 109
248 118
103 357
340 403
407 273
249 15
454 306
415 461
358 184
90 431
46 287
150 182
61 279
191 440
24 391
350 12
472 448
213 30
500 330
294 8
250 387
93 173
387 93
31 356
283 190
464 67
194 272
288 206
475 314
458 1
136 227
79 330
322 312
70 404
146 331
417 464
443 430
432 70
300 485
250 156
47 305
397 459
123 166
207 314
278 205
315 67
81 412
95 92
367 83
337 405
244 93
459 266
438 399
175 239
385 42
395 299
257 185
107 444
331 397
87 323
239 152
268 377
368 324
436 259
469 413
148 4
232 286
59 466
50 139
455 38
1 136
486 458
366 459
197 477
170 363
128 464
446 310
444 49
265 147
408 245
297 446
228 334
449 368
175 110
87 9
287 299
425 161
145 252
159 382
90 365
211 469
305 49
417 479
6 171
2 143
166 331
373 268
53 88
30 373
425 264
243 196
36 380
375 131
421 479
434 143
370 164
82 329
491 489
36 233
470 121
30 484
288 200
344 103
390 194
92 401
160 474
308 363
146 328
494 395
246 60
387 499
433 365
317 471
93 22
149 373
248 242
281 296
364 349
236 75
107 276
10 79
409 132
40 492
338 349
112 334
54 269
28 224
244 294
60 191
387 151
459 198
405 31
432 210
320 135
240 261
356 70
110 327
468 132
375 407
57 176
349 451
452 95
445 368
120 226
236 209
308 465
266 195
106 132
458 67
106 490
370 106
17 45
68 202
226 403
47 311
449 380
83 256
176 256
102 174
181 339
199 498
405 308
298 58
475 35
311 336
469 135
87 387
164 186
260 346
184 384
87 382
16 277
105 218
427 220
278 443
443 193
331 137
355 131
412 416
28 281
284 71
388 269
250 381
496 78
294 229
424 147
424 34
270 198
187 40
409 434
276 2
243 183
326 424
55 9
380 448
275 254
93 18
165 459
353 404
72 118
406 54
