50000
5000
35605 30157
19618 30364
23846 20898
44609 39349
29687 6853
36641 13725
22140 19527
44674 645
26176 4085
9840 25755
13541 15630
18826 22693
56 42857
19787 36253
31056 26938
20089 17466
35321 40677
35516 34063
32687 17413
45175 20665
34053 17736
34232 43222
3721 23796
31835 31296
41504 21278
17606 4344
1696 11456
15624 45598
1275 18523
8832 29555
9988 49523
48841 49736
16287 3850
49283 2689
39917 45213
25969 12549
33342 43431
37594 42874
41032 7151
25205 43635
4813 44572
12597 23685
39554 17430
10513 30216
5150 43084
7782 16558
17421 29645
12111 43007
49190 42684
7788 43278
47568 27956
12667 6594
22651 18823
42189 19537
13439 1474
28464 32631
11933 26275
34538 7488
1032 3323
44955 16023
44755 28254
23083 24053
19289 35278
18043 6580
35642 32799
8821 34188
44459 33934
36033 828
22833 20118
9725 41817
18803 29086
36669 12781
38824 22064
3960 2107
29464 11856
20566 30902
8914 25917
35999 41554
42654 34796
39585 35833
30944 7647
17791 1457
14586 19738
29299 48152
28921 26452
47585 34607
3895 42890
6665 19146
33935 5115
22668 12036
18149 23104
13193 14861
34713 28948
1823 13802
39419 33112
9450 11226
29630 28116
2938 7159
37246 18695
30585 31337
19929 43105
22936 13450
8556 38463
13128 23946
11655 2051
18581 25584
12310 49068
29567 49271
37450 9621
4746 2054
47524 4856
43692 34027
10926 21713
6474 15090
34744 43643
15153 2188
16255 28241
21476 45848
17198 25619
17834 22224
39613 4525
25684 34784
25283 17826
30824 28357
18823 17675
23453 24899
9894 43790
28786 15330
4830 46597
8750 6361
49755 30875
7195 19570
36355 6174
4957 16382
5815 564
1708 10061
37390 22261
48970 46733
48620 37667
45393 36058
44837 34399
40225 2353
4386 46009
26465 1821
49455 15429
10701 166
42650 26579
30609 3732
25712 40768
39922 290
33621 27591
21147 12757
37852 49521
2300 3676
25016 20344
22000 44875
43456 44677
29143 7932
36048 12572
29923 29908
11640 19969
10531 33144
26570 48905
42920 4483
9762 19794
6413 24810
48228 8309
15973 24980
25811 3795
14717 40852
25557 48989
16210 5114
44428 42923
40686 15006
47031 46983
37182 14604
9384 30745
2555 18234
47842 13925
9566 24583
19640 1736
39245 36117
1405 28782
19539 6351
13646 44301
14155 30543
19335 18677
30872 23479
10550 44900
4803 13373
22279 49840
5298 35972
1746 14346
23953 42193
1802 16555
11454 19262
17583 42724
41509 47099
10426 13552
15936 13593
44711 44234
863 44551
48399 39960
39838 26264
1817 40488
14991 15392
3501 15708
22823 40532
84 47053
36889 49367
7324 11561
40474 26044
30324 22948
19827 44138
45672 4360
3206 5856
20760 37792
32120 562
28562 41598
11788 30660
28130 19689
29799 34056
7857 10038
44683 35393
7543 11708
2473 43439
48317 17249
3061 37969
7573 8805
26968 12746
11489 5887
22603 34298
20012 28268
43715 3057
23529 42223
9687 13694
42551 49759
874 32372
4152 20713
33271 7487
29834 19511
17275 8371
26327 2147
25840 7065
6531 22209
22815 24560
10657 34911
2943 23686
9392 19985
49399 37582
2627 22158
6590 18195
20713 17123
22803 10566
23110 3980
3181 718
26434 1785
12869 3700
15851 40648
33014 42522
7206 31755
7694 23214
22968 24046
22087 32286
48051 5361
484 11955
22278 17875
44997 45500
44185 29262
5546 34904
35675 24018
17695 38412
44499 42314
18350 47355
22110 17172
19759 24589
951 31170
25668 18980
18655 40865
33156 11255
33555 2337
44685 17482
22435 21104
31084 16938
49606 920
6296 30649
2640 5594
41959 40159
24913 284
23543 4273
36686 44313
39742 35544
4199 20500
31900 34310
19340 23763
24419 49071
42705 47735
39403 37925
14907 25510
8076 34382
26720 8726
13129 48983
23316 30320
33955 20614
46514 42464
23096 22865
28583 48551
2588 41056
21895 30045
32224 18984
28344 34932
28463 23252
26302 4040
41045 37342
9811 6254
41889 39178
5328 33103
7205 26438
45750 4610
36836 39392
47490 19451
19987 6936
34142 8160
5032 19499
8591 5473
47084 18898
27792 27744
5323 7246
23769 22657
18260 1538
13340 24893
27877 31773
6717 34640
33091 27989
34084 22908
11533 49628
13249 26961
46236 35911
21035 37993
30921 4705
25119 30380
6904 32465
26803 1614
19983 34146
19021 35348
19160 372
46981 22707
11095 45461
29794 40926
12901 20385
34838 36736
34990 24226
42288 13580
1898 49614
15213 41319
22869 43451
4919 24937
49453 17231
27281 33711
8463 9253
22942 48658
16298 17588
43990 20827
26419 19289
2363 1318
10825 38761
24378 44788
27309 22869
16111 27848
46454 29013
47398 9254
46254 14333
5107 8721
37676 11728
20220 34922
45505 32319
22816 6487
6230 48349
17076 25209
37336 13052
32137 12833
32378 23881
28149 31124
5409 967
39546 46724
22759 37474
16421 20206
14558 26881
19190 45627
6318 3210
38590 4498
39618 7141
48131 40031
33292 31228
6886 2703
29554 29264
43778 30974
4757 8366
37119 38163
24124 3529
47338 16093
36355 21599
887 27229
24894 26820
40193 12268
48918 10050
30888 26574
20747 44920
3108 2223
11234 10288
27006 16389
12987 23452
3083 26572
46491 5980
37309 26813
20551 8935
29667 19537
24887 36908
43351 13099
15402 5123
48294 15205
19772 601
29552 14136
15840 30956
30475 25463
1968 6048
10169 18043
8054 12619
40499 29904
3492 46107
27217 30844
29507 22241
40430 16217
40922 6987
17151 49370
49007 25276
49366 41034
39965 41388
5578 38516
22800 8237
17987 45806
36228 18269
28757 12330
20829 112
48469 4820
6919 12857
20301 1043
9963 43271
5454 34336
15041 11373
36854 47698
5453 6641
16858 717
11005 41605
2602 6157
14836 17779
47958 49437
48519 49024
27272 7017
46137 8025
18779 20076
16346 612
4646 43805
38501 49622
33417 43178
11654 8700
30644 8088
17363 46569
7026 12908
30402 45599
5860 7658
41203 6463
20684 42768
49752 47666
15356 24660
47118 24099
17600 29854
2708 5161
18556 15174
41156 35632
35830 1448
37768 34481
13287 35006
47787 10178
1848 8069
24429 35997
15019 39201
28454 42521
36560 2194
15497 37427
25181 43311
46545 44773
9123 8300
11787 48415
45576 13551
26613 45978
37985 16867
33599 38832
13454 23744
47643 20413
12816 14920
43199 2778
9816 41858
44660 23630
42998 30952
11138 48484
1833 30685
14400 29523
8001 20486
5569 10317
42941 9747
1102 22284
48030 39228
17740 20003
5644 48485
6374 28922
13241 43449
33121 26680
5679 40209
18332 4933
48304 14442
21141 43951
32837 33278
22089 21690
39725 22817
14794 35714
34490 16846
681 1095
41087 36299
12501 33572
307 35325
40554 37399
2772 28416
4972 3020
48582 14946
8542 45271
20062 22721
1160 13684
48405 17278
43380 12192
14434 17640
17654 44386
41704 5699
14346 34886
45604 11090
49277 9927
15584 31284
4909 37156
43671 45046
42493 16548
6008 7237
33137 4222
43340 30450
40569 15488
24495 39333
9052 16412
22211 40088
49968 2001
35209 39812
8941 39690
43575 28729
19715 21246
17018 15773
14113 32317
5829 1981
34302 34694
14168 16865
1209 45670
16048 37927
19864 17081
11314 37687
37933 46172
11506 8160
38124 41473
43850 16824
7590 19963
14278 45891
33519 4323
31661 48991
13675 49376
8931 20375
11391 17200
17506 34312
24814 7363
12546 41954
21845 9310
32542 18001
28237 8695
41476 16709
12105 2334
12062 10813
32349 46169
34868 49854
47555 25950
47296 38237
24140 22306
25226 46010
28914 14707
6931 19219
32065 48366
36519 26968
3744 23940
27276 46536
4381 41802
45461 13581
20851 18011
26051 37237
15468 18583
29866 174
35635 22374
27442 44279
37458 19021
19051 14247
43699 3989
49090 8681
48468 21354
38449 34403
25089 13658
13390 28032
12935 41752
14262 14710
11729 11276
395 33902
32544 38078
46652 30615
2982 39188
28046 16763
36043 29862
21305 43136
20063 1285
18280 14688
11961 38809
8861 45082
21206 33838
33935 29672
42238 18745
39430 43616
2663 27860
44329 28557
21328 46601
46875 25170
20168 1581
24875 620
29376 44549
8473 6588
8547 29186
42527 31608
1589 2274
35821 11442
12837 19947
24921 36513
13090 23613
6865 33160
27365 33992
25459 20772
1217 1439
23394 2513
4903 25275
12472 28624
33086 48632
38654 13875
48893 13374
21704 23548
31521 39384
448 24330
14355 5255
28295 7307
49705 27994
33803 12623
11092 27537
11641 37672
8150 20024
20709 16361
5214 47591
26151 49766
33978 39193
25134 3449
22811 39555
20014 703
18197 511
95 4890
31626 28486
27129 15946
8194 39436
46200 22110
21380 44627
1757 4045
26738 26599
38512 21882
30458 31699
634 30539
38401 44138
9889 13170
11387 26576
24606 2298
31026 2508
14629 2122
42017 1644
19429 7658
8424 40079
46236 6522
17528 33352
5710 48860
41461 12252
1093 39630
22095 49588
39825 18438
24623 25022
36995 38032
33526 45960
17069 19508
3954 11045
40045 10554
12098 40189
5157 44531
30960 25169
38665 23843
15667 43495
32870 13755
49825 30047
49576 39454
34568 11169
39983 11939
344 16145
5282 8832
27729 37908
7612 43247
5233 42115
6239 28536
42281 12462
3649 30275
16391 26821
44294 6978
17625 49693
31733 29947
19024 5328
26071 365
6661 36945
29056 33072
37595 24947
30511 44488
10238 15324
3691 31226
32699 1081
36300 27821
13722 667
5842 15405
49084 6742
12737 17582
20486 1519
33 17021
7556 22181
4007 18101
20250 32548
40171 1020
9548 44192
21470 26842
21869 38470
49197 43477
385 35761
21819 40192
1502 1422
10413 38923
28651 12293
6903 2743
20616 23691
2669 37583
16455 25225
22079 30008
460 34672
4539 22841
37605 24282
31793 34380
21567 27712
8418 45001
26191 24612
19353 11130
18982 21651
32978 15903
13519 45886
33500 25230
27199 3648
1460 9600
23958 25127
37879 40146
43757 45926
30478 6400
21559 15815
29371 30832
29690 3779
4089 14569
42488 6393
11560 21119
39075 35417
1115 25015
32774 33632
9252 43165
49981 30217
29565 42634
16790 392
22484 2067
21376 7624
20599 30404
26885 9113
36764 38592
42502 30892
43951 14266
41806 9317
14201 12166
15846 18308
41782 9565
18372 45704
6524 9206
4582 14073
15187 6364
33174 8268
37114 17709
39397 18236
6564 10538
48207 42637
5250 3045
30867 35954
36818 37971
9091 15842
16170 32409
30987 22880
9302 22045
1604 48368
11869 33981
16591 35823
4356 27559
47719 18140
1609 27514
17046 15710
26202 19226
25053 36064
2532 14628
6017 47136
2472 7010
15870 16041
22117 41079
2452 42871
46820 41813
7963 16669
29466 24849
36873 17886
20166 39767
37905 41066
10200 25967
39145 44122
37292 11036
15115 16456
22146 23334
6131 26776
20442 43311
41509 35634
28638 13008
3881 42328
23959 42287
29910 30815
49896 15107
25943 31220
739 19973
24069 420
25057 48384
30309 16635
5783 16324
49445 32818
26234 4799
42942 36559
27607 39771
23501 5615
14254 44713
27475 25485
1592 26067
21271 9901
42647 11805
12190 29723
8073 10444
45572 48735
21627 13209
36448 27831
23330 20919
24102 3101
36262 49323
5092 4062
40312 18033
40220 34473
11244 36743
31365 48372
4126 49693
15844 32073
7390 30798
33156 44785
46237 47245
10661 5980
35558 26726
34840 6292
38903 27422
47364 49025
12849 21346
14260 21739
19371 24874
45068 9120
12316 13432
1599 3109
29121 17552
2038 8112
25314 41487
21070 20363
4057 30506
41283 27728
34942 36107
10517 15094
33810 48140
169 7652
32372 4424
737 36762
10221 25478
26459 800
20934 13417
38030 9536
24340 29330
45862 4322
9910 38110
989 22324
41258 2926
4975 15212
10755 13153
38210 48303
20184 43732
49171 8355
31678 32484
17289 1693
34197 3734
8229 42290
19757 41178
13524 24874
11076 19898
43507 22777
43368 28822
27914 19387
26033 7783
44025 21914
18132 14870
8411 5505
8670 47110
22252 2102
3455 3570
21818 46417
10800 2914
36446 44776
8050 11252
29815 47166
29365 21617
340 5806
5434 8972
22954 16658
38502 26761
49146 9562
25483 4195
39227 40624
16277 49964
15106 33923
45150 43585
37545 35993
20251 12363
19749 26409
21676 25578
35402 35322
12941 11645
45116 49802
7033 40703
16425 9928
15119 19834
8263 4130
11966 19210
7529 15417
42657 17567
19256 17235
39128 33531
6961 31787
48159 28842
48052 16841
33889 37622
30628 47634
18911 25081
10709 9426
6345 17504
31117 12509
11964 17149
14463 30508
34773 41479
23346 45701
18836 49314
47246 27814
22406 20990
20222 24910
6414 26484
1790 2035
9965 6472
23264 37556
22914 17119
49036 4287
29399 4334
37138 5720
38175 7931
13668 21603
3209 13833
45338 42251
45558 1045
11134 28062
7089 49562
8201 13563
23967 24094
29006 31355
8952 20819
21918 26378
7548 12602
38116 11212
3259 24270
9385 10166
3367 46506
25694 20481
47996 49953
19156 27978
37475 30218
17187 48470
13647 7209
35999 13830
10612 47187
41263 8786
42717 29524
28631 26188
941 28803
2098 20752
29454 15895
16228 19799
15937 8336
28950 38737
41176 8594
46722 2951
16135 29173
31485 3246
15807 35429
128 45492
15986 45405
1420 40070
45851 19645
32743 15179
37640 43949
36110 10145
33325 28615
25019 20490
43465 36472
34222 26643
35230 45989
6361 25656
404 34977
26406 1516
45185 23550
34518 18283
30696 18883
3122 9162
6540 47382
33797 49366
40659 37954
14806 23554
21397 28096
48284 37104
4754 24546
31189 37242
3200 11896
4481 23477
23977 38128
15554 19685
25969 5843
32458 15411
7943 19663
9684 583
39190 27903
11948 31835
49145 9559
45061 9724
18039 5057
2681 22825
357 1231
33485 34884
721 39270
21820 11048
1305 38255
1246 47788
17801 32697
29486 20141
18859 11009
11815 47387
1722 28085
12802 32344
27168 23249
34995 39084
31790 25982
40071 47628
22077 45271
48614 32529
37851 5690
26758 24706
31185 8768
23474 42112
31261 41983
21379 41296
28180 11111
539 5747
1454 26268
15943 9926
9031 1670
11071 33345
35482 11341
20494 13936
12084 10929
18430 31483
37591 9784
31769 30521
35624 1686
29172 10943
23241 19352
39426 2052
29809 26993
33541 42333
46483 25028
16471 11592
19301 21683
31648 10468
1723 11699
47366 8586
27337 36482
21577 36910
15054 45622
40780 30492
16947 36633
544 25842
18952 5804
5524 9427
37737 13534
1652 37050
37357 34635
31775 18592
43265 30543
47737 23362
21835 25991
10412 30731
30731 44573
40464 32027
4226 46580
42918 29940
39378 2549
25649 36303
33744 31376
32494 35137
27106 11066
6320 6532
12170 15009
35002 19627
47266 31931
1103 8925
8890 47135
22012 26608
18513 32110
20752 29965
9939 9064
17171 13600
37597 6761
20659 32603
24795 47538
40229 7538
36223 8846
41949 18235
27931 7444
9789 31292
20388 38213
43254 45930
40451 44366
22683 16231
26712 14381
32321 1970
26641 18648
36327 34949
4337 1288
23524 23129
45215 24450
20346 25962
22238 27105
2933 15404
21732 30991
26274 48908
1852 34204
6879 33137
46695 21606
22624 7229
4719 17278
47016 28917
17483 11686
36108 39071
30156 21214
34531 22056
10415 34651
35612 14697
9073 36082
13589 26330
34779 23693
3251 12522
47783 21578
8031 44568
21720 13516
32857 39120
32066 28017
20547 18609
22119 27444
1260 184
26654 23475
10634 20252
44461 39041
20035 19174
40972 21947
14450 47992
35139 21515
28481 46374
24208 5707
45481 35722
28158 31924
11649 22296
21512 7126
16941 20924
41760 18714
21494 14442
442 12545
42687 9008
9496 10280
4032 5906
35599 21308
25444 1040
1101 18049
48659 19132
36062 44571
43031 29107
16818 20015
4916 17135
38983 6930
14500 1347
26180 18239
30113 6768
43856 38957
13054 14373
20358 31793
26134 32240
30898 28220
22240 43360
29957 38773
391 8396
32203 29217
41718 44373
11455 48058
32113 48402
43310 49349
26404 37927
30878 27774
19645 43800
43156 21342
49356 48351
36283 8072
42877 14747
18579 16487
27215 27737
15798 21844
6348 26279
33495 22345
47702 23057
40815 195
35263 44650
24064 37552
17272 2576
4041 21358
9831 30845
42493 8018
40091 38360
13261 28492
4526 42205
7668 15956
45208 43887
42955 5019
3704 38787
17960 16736
36710 12375
46731 8773
39424 4222
40306 35991
6323 13152
24065 6422
19473 30785
40904 43446
38548 5195
36332 40267
10959 41188
36197 11777
15947 12155
45670 3175
42948 43379
21331 16705
40168 17798
18397 14892
16878 6710
5919 15807
7103 31785
48256 11975
49257 7289
24812 47968
32819 27573
42792 6150
4432 47013
23493 38291
36442 16307
13905 27441
43883 14066
39434 49030
10019 49130
35547 3811
35494 6909
17279 19382
37809 26018
9647 48080
20276 21716
22017 5994
16125 29910
21669 10834
31285 15742
45071 28301
34975 31596
5552 23194
28142 31798
24615 36724
38777 6334
15118 15510
45442 32113
27326 47338
1124 42532
11424 41583
1800 18842
17221 41404
20384 18487
25887 10689
19184 45051
48859 34332
26142 48637
14122 45209
4583 33367
48058 24191
44835 42696
7334 23888
23435 17553
47648 24758
23014 43146
38591 36660
28172 24754
39396 6167
36105 20195
823 48026
12350 15932
39362 34045
39813 6236
170 660
11501 21315
45237 19982
18803 42151
9765 44138
22136 35401
12028 41474
28870 19557
41474 39716
38108 43456
40368 7302
31865 28936
19731 16910
7637 6786
41808 29966
39853 31669
9090 20393
44938 15078
8067 45069
33909 37857
15796 33969
42177 1329
37086 18677
47035 39301
45102 20888
46563 13642
49826 6448
32420 16897
43889 22978
7093 21961
35439 14093
14094 8970
45099 29480
11045 45087
36000 29684
10280 27623
47927 14301
40859 1425
28120 26890
14580 48234
23579 38396
21700 3737
793 45341
16645 9279
37711 37462
5711 42065
44927 27439
19520 32483
47516 5703
36687 36579
39275 4021
3431 47122
16811 24328
40292 18404
7357 36005
32477 31879
5368 5293
32411 38451
38836 1630
17164 30667
15011 14457
16400 29096
44985 48729
34145 37151
42912 8115
26844 42857
26754 25193
7992 21102
6383 6813
10164 28873
5616 23044
35628 20516
12424 37560
6555 43644
39174 24724
14259 33529
13223 6558
31904 49293
17687 25252
26375 41553
32958 7028
3630 17693
27375 27653
26140 11256
34699 1667
47916 24713
30422 12244
49198 33256
10631 28512
15938 11225
47355 26302
41288 43784
10737 40734
47326 940
7245 28550
8388 28488
6290 250
31877 19105
28044 8502
4805 10868
25106 26366
39639 1229
41639 22948
30011 34206
40532 23783
28221 2566
14986 8671
31434 10184
2696 34813
49977 33488
38388 38881
43438 34330
42791 25017
15297 42319
25006 12129
24062 17581
30647 49547
41113 4190
38952 29173
9861 13144
47056 28440
37809 46611
44352 18151
43094 16850
31899 15213
19772 31332
37709 3894
8367 48808
12890 38973
1756 42968
20685 28612
20570 31890
15407 21149
5983 43609
6417 48465
11017 4015
6099 49066
14160 21979
26592 34357
13205 12983
34890 12222
5004 47662
39821 503
42758 276
12613 15408
11453 43662
8691 13710
33635 6489
45414 18459
10331 14634
27794 39157
26836 3828
34049 45188
21753 43825
26895 47378
7957 8312
9232 119
47989 4343
40276 11412
2386 20307
48512 25927
42370 41482
41826 2057
38582 35510
34127 49342
48168 41554
23423 12238
14903 5123
34737 12362
4947 19228
16058 49060
11128 48239
32176 5037
24742 9862
43341 10111
10221 18491
30329 46355
2955 34848
40440 40153
43136 47785
2729 23915
48953 4806
7435 20551
34643 34344
994 49889
4028 7755
8864 5701
31649 26710
22290 12577
26673 43219
17835 1607
39793 5826
15360 34897
10689 48279
25129 26560
44982 5715
3961 20302
33206 25015
24745 40807
14669 15824
12470 44422
32886 2804
41590 47653
46616 2467
43289 14567
26143 41925
13378 48817
27162 17930
15862 24992
13257 19304
45961 31128
160 32681
45588 27008
42494 22858
25559 28471
21036 18394
30903 13127
22515 13569
46530 40994
20473 34141
15535 472
29108 31301
2461 28248
28352 29518
12523 4285
16607 2416
41049 45824
22011 2525
32408 45483
26893 24668
36701 33278
28816 27245
27337 11031
21291 15376
48055 2296
35695 17709
13237 13877
30333 29924
20724 18811
16398 19501
46481 46316
31688 6571
4962 23407
5239 22569
27875 7944
32056 1590
21982 2480
31151 28235
7928 21613
9685 26296
35822 10687
41208 27777
7146 9422
19317 8435
43364 26433
6151 34447
36403 45907
35484 41354
5206 9091
6621 16729
25806 18699
33810 18902
15168 35322
31902 36033
15831 37726
35128 16944
40067 46412
45528 35646
39892 26838
16834 43807
10748 42003
41394 9465
8849 24252
29475 19562
13854 40864
25567 16850
49443 9635
34711 16325
32058 32911
2425 4081
44646 47662
15886 18504
14334 49203
20041 4475
42212 13097
5758 41708
26357 35582
12979 45586
21491 43384
25786 181
23040 40411
2301 14368
24452 1909
48317 16760
41294 14086
10700 6731
6849 34247
5064 24693
13490 32085
24627 47684
34220 401
15181 5609
10121 135
31778 45544
30775 12669
23449 39145
5144 26908
1242 18085
40791 396
5787 5195
2656 33275
18010 49665
29858 40248
6644 17035
38858 15141
18078 23565
48457 13001
16687 49666
5954 27113
24731 35749
7984 8733
46441 35586
37116 1993
40159 44900
13273 567
30041 49257
41648 36199
40569 45919
9136 48852
21983 49026
40394 20923
41289 36347
9504 16682
26520 11076
9423 11116
32875 38021
1339 21341
12609 42767
6930 44640
6217 47015
37666 20459
42511 5077
9257 10732
46584 26373
14144 38983
33693 18573
37099 21659
26927 27566
45319 47015
30608 7867
39802 46861
10781 5032
10889 18397
37579 46014
18472 19926
8252 41117
4278 21276
29093 33876
11722 43090
34983 20229
28217 33957
43602 36850
25941 21694
43880 2825
10044 38584
13577 402
47948 4979
22775 36097
26366 2637
4124 40324
48150 29777
32583 44286
2924 48949
49530 39010
26372 15882
29795 42688
31615 38976
32975 18328
10069 6928
43729 34159
3707 4307
30053 25404
11082 45940
15807 26288
36643 10807
38470 23129
35447 49302
36230 37821
26374 21130
33070 7133
44127 20098
7395 32992
15957 49516
33938 36549
28684 44809
38664 28097
40824 9389
17983 38472
8055 12116
4063 41902
18739 43095
4258 9106
48769 28545
43507 24565
26506 19418
17305 44248
49031 16343
49359 28075
42517 30341
7235 42428
10409 14870
18979 14989
46195 30714
7850 29565
22609 29787
37068 31273
23894 20065
8981 21791
26691 16195
31242 32996
44246 3799
20228 7694
6819 17502
24018 13309
32969 33453
49326 49406
44649 28851
40908 47553
4882 37251
39461 24189
29176 30099
38701 12626
8130 24190
23605 5279
48891 8152
8470 6605
43258 30541
39975 7996
44791 22831
16124 30432
15099 46769
18099 28304
19874 19470
15872 30115
38156 37127
49317 13686
31964 35121
44197 17013
11914 26891
24462 31382
18956 48516
6640 42793
18328 12953
46337 40023
30363 22693
46464 48642
21388 23574
39904 41141
34655 15203
13792 25005
49543 22841
38557 13547
10654 15397
3163 24306
39990 28791
18007 43757
33193 26704
4479 39381
32768 47352
16522 18328
9626 33180
11719 34693
4250 24622
3489 5674
2070 34684
30784 16864
21098 20333
3294 12790
27559 32003
48377 43414
16963 30893
47137 9139
15427 26051
33979 42627
33477 12644
31729 35090
15417 42649
11962 8883
9121 5685
11125 10255
26966 1677
37622 39391
5405 26313
8719 38884
37075 10704
31165 909
7360 38104
48332 16805
46242 35522
38307 40192
6766 34653
10149 4001
13246 43255
35293 35311
6173 8438
37870 21429
43285 4574
9065 1028
37676 13052
1561 5833
43135 19842
44548 41726
26258 34587
39749 45471
30529 43559
17035 31435
10396 34976
27005 33245
35558 32409
23811 15279
42430 7636
7216 20525
3017 20320
23442 36924
46144 44361
10108 31647
46652 41511
47305 24669
42453 1760
15249 14950
25121 30120
48928 47593
15014 20154
13758 43090
15423 12980
48032 48551
3925 45592
41898 18011
45806 33460
12287 24264
10873 47603
29349 14161
41156 32752
33947 40666
44634 31382
44808 23080
28667 3466
30282 5691
32680 41657
24619 45893
686 7895
20877 42590
20454 45023
34175 42130
29260 18447
34546 26321
48879 43689
28897 10541
34960 19292
20090 47506
13325 9385
38531 22402
13905 21057
41362 44151
4574 25422
15374 6720
37583 7113
12967 262
31406 23252
4399 36691
21155 25192
5332 29700
29509 43497
16627 32298
10889 41474
33122 11555
31084 13727
29384 13334
40106 25986
18925 4430
9573 18676
39400 33134
46480 36121
15420 21502
5075 6898
9053 8129
49487 29153
34605 10568
21520 42209
30128 30251
33711 8777
17729 15708
23898 4957
166 47516
40677 38701
19665 47314
37832 45251
44033 20592
3286 7183
40583 30497
25225 16208
2313 13529
33134 23509
43127 10647
6984 45189
6483 33030
30963 28907
19560 28584
18353 27055
11651 43109
48945 32525
13956 24060
1857 29385
22809 35402
48825 38455
14894 19299
20116 42773
48903 27901
44420 33398
36778 7234
11043 34497
25006 6101
49535 9418
6695 22708
8343 38780
18430 17871
30368 11264
36565 20158
30057 46690
43200 14581
26738 18030
40425 5636
14205 32490
44326 15335
22783 12913
3228 30
2356 30370
26721 1184
4487 36890
22717 23355
9829 18629
9500 43148
22003 46759
26513 19762
19400 34228
24778 1941
14892 29662
14254 33159
9858 9278
42321 30206
9955 8370
32125 30557
16261 47990
49517 3747
24883 7947
43163 17374
3195 47589
15230 49441
48504 23354
745 35990
23515 2316
47636 37534
30663 7954
21798 18063
47899 13379
17560 37530
6426 34428
24998 35568
29436 5631
5876 46163
23403 10798
46465 35436
38911 29015
30376 14103
31528 10729
33072 42845
24305 23395
15519 15201
7711 23152
17858 6385
6543 4349
13866 22975
5730 36442
3075 20814
35211 30817
34696 49993
31880 30051
2974 13559
22953 13913
19392 46084
18232 4129
26971 29509
17595 11618
25086 20864
34104 25963
12741 34146
7032 7667
38369 11319
21390 45050
49654 11745
46335 13180
43307 10390
49573 2460
2595 17264
33299 2649
22724 3145
43640 298
8305 3462
2522 46122
18296 45571
36376 24484
25500 40818
22290 22794
15037 30946
35621 6197
28810 29563
10192 27197
37677 2420
34538 20207
7990 17611
5222 29589
47712 6975
49857 24950
26074 42872
3968 43849
18418 39472
35732 8822
2304 34330
8144 11002
15785 44542
46309 7851
48960 2487
29225 18626
30442 8353
41992 27500
35858 7074
27261 22943
29252 7449
10976 43296
18846 43446
30624 40871
16273 30549
27425 45681
48124 34308
13302 13155
32725 30358
6674 12770
25543 26241
18552 27406
34248 17803
16492 47104
4708 1054
36266 37538
3188 29435
11822 23930
11875 21811
44103 16226
15996 26228
41418 7824
24063 9861
7600 31217
41761 35398
43508 16354
41106 15155
23226 46297
17250 37085
21061 44504
39987 44914
38144 22214
36766 11878
25831 27570
46186 16890
41637 9019
43748 28109
48576 8048
45125 11333
41224 36655
18626 25189
2581 8629
40955 38034
36849 888
9008 28538
30327 21469
20431 46666
5100 21121
17981 32502
24336 23679
42956 7322
11983 40533
22908 42151
42924 15384
48146 40960
36161 44988
45346 709
23437 1640
37645 39389
41348 44982
47431 37791
41936 43907
4344 37328
21067 34105
4028 32104
6308 41051
4166 28262
17887 20121
28273 11392
8831 4623
33001 1850
34103 1259
11581 3064
43940 3421
24958 4194
5056 13336
31291 11555
26129 19124
36723 35735
9138 30851
37457 30237
33245 3996
8766 32523
4294 31345
9613 30000
22143 17878
37960 42240
14378 48117
37252 42479
9248 24703
12832 4352
6311 4856
17348 16984
41857 11951
29252 25329
9403 47213
44665 44657
18654 13699
25333 11131
23778 32249
6625 893
4874 4729
20356 14279
21691 23252
23841 365
18007 36917
6052 148
39169 49232
41754 18699
47648 14508
24005 5378
6171 2255
9138 2934
10269 17759
21827 23369
19054 35749
2779 17741
4398 28762
14053 18867
3081 40383
2169 31752
3054 14950
24933 44053
47714 36422
26975 48086
32428 27153
20004 9844
49676 36560
45618 16376
29300 25688
21028 3387
38111 31251
34401 6829
42728 26272
35212 23046
45589 47988
32351 5614
16128 36520
42511 16354
18042 4379
47020 45932
21621 31619
14331 45674
12133 35744
41803 30370
17934 37275
6269 3963
721 39952
37252 46058
34855 49971
23299 38578
28410 45460
15773 43820
27655 14819
41054 3703
3149 15593
46988 26889
44034 17540
13096 19103
23599 36941
37704 18503
2983 8841
10736 4382
7366 4158
37484 26562
34815 18006
18602 47069
14694 47482
35247 7147
3616 26926
23670 3928
41301 22733
20392 47570
9697 15652
48066 16368
17261 789
4655 46938
5011 30908
9167 36495
49549 452
17130 48742
39658 18194
41605 26743
23382 4886
2200 30062
7059 37061
2979 47391
35326 49947
14334 513
49665 1084
16519 49769
39634 36922
31656 12517
44890 42252
17685 2268
6417 46355
7297 46374
7689 44887
13225 19435
13144 32912
8242 24976
43588 2646
14774 3771
36607 34542
46776 10844
3056 32356
40956 42002
26499 20672
47991 26395
46000 44042
35930 29582
8418 14282
45257 44077
17880 32696
48097 31764
25928 43002
1054 1797
7129 41856
7401 7
20788 32919
21499 30763
40009 42521
13095 667
45394 21913
46146 6802
16817 11039
38411 3430
23967 32847
39409 17060
34043 5723
41500 46785
31959 25496
37043 49712
39101 43082
11835 37781
28623 30894
24196 45241
41765 44850
44337 28312
37737 36209
23662 32817
38975 33244
17703 38798
4776 4677
28830 45526
31861 24620
42563 28724
14998 39764
9171 39049
48372 10813
45982 21520
35105 13366
29799 14272
803 15830
48078 40445
39926 48385
28198 43615
43491 21934
6108 2705
42167 17710
17892 38681
3811 28513
45522 38583
45711 586
28770 39522
9824 15135
27689 18370
33921 22061
23495 34673
46081 38885
33617 16266
24341 14373
35074 41713
43698 14856
206 34306
19346 18561
11440 19576
18091 1416
23031 4324
43653 33991
36191 3218
17972 375
49019 29815
31472 14543
25839 31429
21387 30485
34566 47215
41596 14458
26504 40154
11717 47701
491 3677
44605 32556
25306 18439
13687 33859
45340 15682
1710 5813
27957 26703
13218 24344
20805 7186
4814 19082
37104 25184
28149 19121
7994 30879
18902 16699
41437 26185
41061 26741
38841 28774
22864 1571
32401 7310
42275 36517
44093 44899
36563 20710
28514 6241
12115 34133
18963 44633
21100 10627
1639 39707
23494 47227
5958 20402
17407 3905
10305 23390
2510 6287
48664 29582
49822 13042
10975 111
21440 2479
20326 35254
42177 17765
36538 3504
24368 37214
18856 1849
10505 33028
5583 10373
37555 2604
38736 37431
16826 29938
21319 38258
5439 13341
7571 28569
16131 16733
26649 41292
16111 16677
13603 31413
48272 49361
20485 14139
43377 18969
6323 7457
23958 29734
13132 11594
39910 2344
14841 9836
41479 17005
11878 46615
2390 6553
8680 39300
28360 21721
46727 15404
1853 33606
42291 4517
45646 28132
35590 38001
8482 45203
10662 36350
46536 32210
44068 34891
36711 28855
4173 23318
27493 18434
37735 11583
7804 29988
16068 36661
1198 4829
840 31386
5643 36887
25893 19212
29265 12844
33888 38385
7343 48867
27078 42400
30617 41240
37179 48058
38478 6105
12849 1476
29669 49922
26890 38220
42472 28786
28751 9253
3798 43513
49929 18636
7367 15729
31947 17642
46113 22060
38728 45708
29448 35964
7578 46219
27690 16439
4365 13799
33956 19368
19408 18838
3783 38630
48218 37699
28447 21346
17166 19627
14628 8675
39951 16040
13968 49240
23647 1379
40092 32683
28413 38531
29200 15882
19612 44336
20879 32107
37831 48526
39604 16332
32467 21199
38765 15298
9070 6631
45528 2400
6916 8144
13179 13480
39744 45961
26666 14231
21119 43549
40943 10514
13075 12657
27895 36304
15908 31360
26763 38506
3285 155
45712 566
42042 34252
19865 40465
38757 21085
38729 9316
20414 18590
38810 4136
14008 23691
8009 49065
11764 32810
40829 46258
37438 10662
16684 24028
32794 48403
22545 27577
36164 2701
38526 32260
22337 10890
45500 39449
9142 47968
11397 45184
25026 19774
44857 4616
1865 45728
2937 26042
30354 43625
49918 9591
41729 32525
26378 1008
15932 33807
42523 38410
4574 6607
45460 11367
38706 33306
17584 25693
44010 9512
4772 46012
28291 21487
36003 42097
39515 3042
22769 21914
33893 6776
27248 26684
8534 31658
43901 35958
22744 758
36836 37818
15198 38859
1711 17204
13439 12214
47336 39904
19658 26506
6963 41111
29150 23662
22787 31943
46018 33832
49582 7244
25458 21658
49552 9235
33391 26907
47969 44693
44039 18098
47468 23721
38757 43888
24735 21086
19912 14672
37504 33732
12000 37743
14313 21224
6935 13792
34194 27915
40942 40756
18260 21474
1002 31380
12299 9449
33118 12095
3122 24613
10505 14256
18445 12180
11239 11375
20566 37462
41298 16633
46668 15674
7739 6228
39908 45574
37479 2931
17298 11445
47795 48731
21303 43204
3614 14730
42079 25143
8966 13250
4361 33967
29966 25844
31148 25743
7816 26617
32326 49600
30498 30727
5277 44174
3509 9812
33493 5463
36074 42984
29699 17402
39747 8390
949 22197
37047 8145
22507 13666
2264 37502
35096 18645
30107 31674
47553 39689
12312 37722
12310 14561
26972 14230
31033 29059
45909 25142
41515 29454
28508 41816
10594 1450
27468 27156
40299 38309
36403 3615
21051 2562
29367 25630
40596 49445
30957 25209
17464 16774
15039 45157
10873 27220
18433 12948
14951 2568
601 5086
3855 24419
38222 41196
8390 49546
550 610
48228 6086
45379 10722
31140 28517
24615 22614
3147 21338
34836 31944
16232 46980
43680 17064
47469 14029
21567 88
11191 31974
28154 38625
14960 20413
17505 36860
32564 3450
24419 33045
16713 16225
46693 17874
25611 5502
16280 32351
15189 9762
35440 19614
12752 4065
6565 11486
31535 24129
3514 9499
20927 30811
27091 5040
46425 22747
32835 47139
7736 45233
7077 4323
8127 20790
33377 10754
42121 28562
7768 20469
24651 23503
31393 49095
15215 36821
47669 23604
15313 39910
27285 22317
30206 4203
2029 49241
48080 4640
21432 21721
17797 1395
44919 3419
14524 31902
10860 31740
45076 43898
8508 27748
11316 29633
730 39331
8908 20106
47217 7115
12803 22271
49272 47248
49409 41632
11930 32449
13374 23260
25860 45488
39954 22796
43296 46262
47385 26561
41865 34917
3984 22972
33822 9515
1036 41875
37676 32063
46186 40465
2676 36521
43739 25662
7763 36623
48974 11204
43185 30888
3861 38535
17064 29812
20022 140
29601 33680
31113 18700
2909 33101
30050 15668
38072 41675
40669 39158
33686 23582
26410 33520
39465 48101
31166 7374
37758 40555
18158 35522
23657 31777
17962 46748
5832 38217
17762 23320
33423 31108
10671 49089
12748 17831
19660 3237
35270 18376
20544 26549
25376 43286
894 17629
18511 757
45285 28437
14850 6165
31473 29442
38169 38162
31757 21976
45698 34841
7345 46590
46487 40921
834 45903
9789 37523
44322 12119
14666 9937
25863 21198
968 46217
20338 12063
9449 15347
47745 37408
5392 23190
10253 8674
49198 13529
21488 42880
929 4486
16902 39134
41996 5465
26737 14588
9494 23158
46544 25463
19671 38257
41404 7581
15438 39174
35076 6422
46746 17074
38295 21084
2817 28017
9895 16788
27889 14728
43152 14413
204 10374
21990 11906
7168 9760
17778 19810
24102 15357
1216 46187
49655 29042
9258 15087
24426 25722
1785 23305
47553 17658
26281 10360
4961 6430
43331 40753
45295 39293
48086 40676
2780 41029
2349 2283
19379 46555
14152 31111
33641 41998
11252 45771
15308 40722
39165 43666
45353 35360
14132 17240
24267 22306
47228 24700
6610 33469
41972 47361
24719 42053
16661 11221
22332 48705
45836 48672
37395 7465
23735 23445
34617 45223
9575 39126
46890 26778
28981 19592
35587 21060
17932 44418
32706 542
45913 40371
33264 28833
46246 5296
40791 8260
34193 15031
44863 24163
11713 9822
42363 28836
6138 15513
42299 25534
40520 13349
20568 25278
27363 45639
9971 25129
9703 4822
48914 14104
46486 35482
37594 7401
29952 5607
49324 7817
33270 35981
14897 21797
28118 933
16954 6070
36699 47795
5639 23872
7949 38274
13278 22831
29250 22077
6709 40835
48799 24675
40335 29625
18412 20662
39946 46886
38000 34143
23339 39720
26565 33372
40203 36335
25131 1451
25282 40960
38347 28460
41 48937
8698 41722
39578 11271
7059 20323
25960 3672
2382 26896
4543 11232
22560 16747
29737 1629
47239 18058
332 5260
27073 20107
36444 43469
16917 6383
303 21737
11490 24116
19411 6644
46145 17287
15980 16140
15487 30460
19314 21711
12871 19686
15977 27619
43545 15175
19330 17981
18976 40294
1483 18051
16961 6524
10178 29190
36813 48087
22163 7011
38575 33589
49673 29053
38286 24672
27470 40094
45064 24375
38201 41295
11253 44142
29910 8078
26297 11333
32561 34665
28930 10813
46929 45165
20006 23118
34587 40769
46466 48468
3697 36774
30827 12399
24644 34035
48072 1835
9708 33847
1645 19399
32333 10507
41663 5823
28516 46
27223 25604
5079 11207
47058 12285
1482 9645
20036 2156
2216 33261
21144 2754
39959 16076
47818 29161
10626 16176
30704 5445
20785 40821
22835 24495
38560 1938
39881 45500
46019 20868
40711 40737
12967 6813
24783 47517
33743 30364
44710 17469
33667 4764
32448 21941
31978 10215
25430 23717
28730 14884
45648 15563
17201 39919
11157 14888
31380 18753
8286 25675
35320 46250
5937 36220
12255 29577
26361 985
36844 23494
30514 7607
2469 25936
47211 3119
20180 29727
30696 46732
22510 44980
7319 49330
31870 25739
10112 34042
4897 36491
3224 48565
49329 42452
47922 27200
46594 20713
25908 34836
32602 6256
37936 18990
21929 28974
12194 17854
44730 26795
34700 43495
3380 6696
18811 20854
10028 48670
40301 42723
32671 27595
34617 4551
28946 7009
18521 43571
3522 26779
432 1649
42907 11574
42077 36317
35764 3538
41669 711
27816 3865
38146 15860
41507 12508
29692 31861
24368 37069
46209 34244
16010 13728
32077 32114
31035 33764
7041 41612
5218 18052
35026 42838
40187 32342
24338 18831
42486 43862
17434 22843
34806 18582
46183 23595
24079 30057
21953 41352
15759 42511
41438 46659
38231 19123
28130 21880
24073 42566
23728 23692
43991 38952
31061 33768
29944 7679
8202 21304
8182 41964
21836 48017
19356 11835
47521 13562
34796 17702
43887 15724
31499 22574
21871 15937
9528 48611
5836 16813
19947 21928
6774 7331
22965 48610
28653 15414
7253 21857
10708 44465
23111 36803
12953 31021
43103 7802
34483 16263
18327 24781
12393 34279
9280 19763
8855 14395
37426 35009
12556 1970
43846 48528
47049 10441
13715 4900
5291 2301
22065 15244
22936 38950
20407 9208
24274 10379
35711 36109
23232 35759
905 30104
33811 33122
36948 7683
43519 43475
28762 41411
27340 44158
48377 24051
44472 15666
30528 28972
12083 35453
49981 9595
1687 32140
7574 45980
43395 3913
25386 19659
43600 8868
30019 48133
28512 32456
43169 18278
36699 19794
33826 37919
14071 31289
47832 18312
27100 17530
37470 850
28593 37990
17806 7700
49467 6165
21746 17083
5543 21144
14422 32232
27500 35443
34995 42035
5435 47313
2784 23006
13348 35016
23145 14075
28370 24385
11487 34599
39956 29439
13671 7743
34441 409
47314 33006
32256 23424
46391 15731
38161 30399
48114 18965
44033 49717
15881 8497
18935 27712
24022 22929
19140 6718
38785 43866
44197 4502
28215 35241
25575 489
28636 24043
2321 13897
27686 21110
39348 15627
21496 29905
22409 153
18117 41227
26131 10526
10045 31507
13633 32060
27003 22576
32767 34984
44449 8528
1029 45747
37132 29623
25308 31364
10797 10148
22600 9486
15011 32300
11851 8055
35047 47575
38498 48877
36052 34259
26762 17342
27765 37114
7320 48525
40305 42705
31089 13857
33742 39287
38909 20241
21570 14480
28949 17852
36534 2327
2280 28573
2729 46946
48206 41836
30610 20255
1578 13988
34795 16742
7428 30544
29246 23986
31709 46598
30744 42073
12149 20527
8570 37363
18153 707
28875 13195
4696 48634
7521 7871
39693 41052
30325 23595
3787 20290
29522 8531
13558 9092
5665 5288
31194 48829
48427 1715
13680 11676
31086 23375
20524 19237
41513 21250
8190 43789
16736 14676
30278 30985
5824 8870
37997 30739
19825 27773
20909 4319
9643 44763
47061 5928
9002 23029
17177 35612
36845 33483
5077 11026
28800 31474
37836 17279
37909 12543
46893 2348
9194 28077
10048 7619
5574 33930
33344 46069
20703 34600
35209 26437
31600 38450
15335 15395
10858 10307
37516 40540
1533 23488
24273 6827
3791 34957
45158 39115
47410 36148
36408 37106
49361 32304
45057 31003
49105 25406
34955 11626
31691 32241
12627 14353
7413 45133
28832 24922
2945 25137
34897 22019
26792 2375
5393 14185
7591 27883
39156 8458
20080 32096
44571 44543
49821 12822
294 26180
23461 48336
36422 42332
32949 26462
338 36872
26176 3660
28315 46230
49066 7838
6140 7458
29692 25165
12817 8688
18466 23433
46680 647
48751 8677
7934 32256
20916 33427
8238 32661
2624 35469
46900 13946
795 20331
13189 32447
3781 7475
2081 38214
43808 2377
29915 34535
20658 41264
29409 39340
48990 29981
43053 44194
1816 38968
22523 31121
5496 7368
37034 3075
45230 15938
1471 9073
36988 35267
16694 25754
9568 21872
7797 24575
5289 48965
39377 24251
25766 18017
15975 43140
5525 11119
24884 21541
47414 5284
44631 3717
20405 671
22439 35962
41086 16725
49353 1044
24686 1800
46643 18937
27126 43957
21643 22836
30750 14223
40604 21490
21218 47523
45836 41686
22434 41799
16810 28922
8392 8988
49928 8644
18924 22679
14716 7813
8506 36708
36689 29977
31270 21984
48135 5439
47546 879
2806 5424
35761 31907
19657 3717
7705 30563
44869 17937
38903 38082
31277 28710
6403 37402
44388 33585
35860 14023
41108 23365
30931 39260
20452 36915
18651 31964
5933 17683
43129 16199
25647 25567
20449 20359
7690 33011
46451 40910
26196 17253
42575 31508
432 11207
1615 20606
9766 17505
24436 9176
47544 44155
34540 250
29348 17922
14744 18806
13476 7569
40634 33077
32940 41959
34527 4427
18978 49684
14831 38529
34112 13538
3558 2609
35903 16404
41424 26736
28421 18462
20852 40583
17041 5859
6632 16875
21057 19571
30981 47819
26179 16650
2450 45805
19002 40650
13639 17439
14947 18407
44251 18896
20205 17885
42777 12942
16023 19716
12432 23384
25540 35543
4592 32321
26485 41363
6078 128
47420 49345
21312 48458
34106 1770
27416 28461
19030 45882
4318 44159
47525 25654
41860 10956
39159 45690
18422 7334
8719 43834
121 12378
29151 24429
6093 32401
4312 28925
37405 27445
26223 14806
12006 8295
31029 12153
34954 34379
4909 30075
3674 49129
41497 35167
39999 42465
35086 25025
23827 13470
7797 17276
3863 6278
46625 10333
23559 2814
45193 24635
26327 31744
15179 49664
26597 48448
10191 28274
9145 2913
49345 10661
27568 5396
9520 31650
9578 12037
26148 30009
32342 48100
1048 3417
33667 17182
10221 19874
33511 19513
36789 34270
35173 35072
16918 20315
36285 39555
12311 41804
37357 37062
35662 22556
12851 9740
46959 29740
41089 4533
39922 31112
24008 33573
17969 43964
36930 21166
27937 8741
2529 36700
17189 424
43759 16514
31981 38684
48652 29618
36540 46787
7866 14820
29027 20426
25377 27955
638 46262
41903 28915
33912 47939
21165 33931
49346 9146
18264 30385
29722 29665
15762 36681
22383 49538
48924 22458
39885 31312
35784 34178
42159 38082
18339 35881
4032 12887
2731 630
9931 33144
16352 34038
629 32929
18810 49489
20699 9280
34715 17323
15613 49273
11633 18555
31814 27942
20017 21802
27014 21986
17337 43015
31347 31430
12782 45013
10601 39359
443 20764
35420 30280
6491 34880
33402 20218
32591 34298
16514 15096
39654 46497
48665 27414
18502 36935
16126 13556
42389 24011
17680 35343
6763 26818
16834 13572
35397 610
20624 26605
29880 47827
44106 36668
42772 44103
21509 38017
8230 30946
30781 43288
9334 20034
1437 10512
34713 24042
479 27630
42658 34163
27234 26609
39107 48429
3717 2758
11188 46012
37354 7056
9210 43500
20675 38703
26310 36494
13154 16489
21045 28580
10452 26050
2797 26491
27445 45216
28684 7651
7947 588
22153 22842
47644 34229
30654 20513
37021 13299
23418 20629
12369 15227
44075 26840
4821 19513
9883 41374
7993 5178
24487 3581
30319 40239
49807 8018
26998 37282
30641 18587
38232 17964
322 31030
45922 40853
31766 31049
45962 13613
45685 44239
17175 7290
39322 47594
4233 44365
20809 40113
1162 48621
46404 49771
22667 45607
49188 47950
10694 29548
12885 25867
18608 7484
25921 5482
30487 16835
5994 38614
30410 6285
42457 39456
49959 48049
37461 8309
41128 34628
3785 26862
12036 41833
3389 40126
16606 3814
46024 25876
2278 1915
10358 48430
17251 22513
9421 45026
47425 8010
15 48525
30976 43897
33290 27464
32774 12205
4222 1121
28359 5081
27001 42392
40503 36293
8115 30114
18755 43354
15173 6633
30663 32006
19053 20812
44569 48892
7174 3245
30239 42846
45047 8257
45328 15951
14399 35321
14286 8064
2191 41479
23727 6196
22164 5191
8213 44776
13035 39618
19024 21022
37869 37538
12502 17999
31694 8036
36222 38442
2494 40456
27807 27897
32012 36772
31375 32976
41830 47703
49710 43814
20326 7421
8564 43516
33299 3553
8571 29481
45378 302
44872 32857
22171 30635
27139 25302
11231 38454
27299 36943
44853 9912
574 49837
15804 2092
40094 48405
34537 20321
21687 39028
16544 12568
10174 24586
12083 49970
16485 31293
37100 12849
13290 42965
42089 34078
17486 20317
9767 25278
40519 48870
7605 44509
42013 25448
42220 2194
6337 44613
42033 11151
15629 2446
20763 17344
48409 32655
19504 29564
19815 20916
45195 5594
13234 40456
21632 32213
21350 29081
27230 45153
23578 30524
26652 14637
8079 16756
17289 31376
27394 43569
2838 39992
31166 45783
17619 27599
10345 530
43053 11034
11972 17169
31168 18928
48559 29109
10357 47917
5629 28055
39226 21706
49661 31922
17780 25778
40513 15287
38199 502
40294 14817
11901 44653
46462 6189
27438 24604
14932 33978
36882 25423
36970 6888
15747 9082
28699 6900
19048 33715
19381 12410
43621 43720
9679 41279
12587 5692
37518 13327
4938 31514
37152 7129
46142 666
42601 13145
17880 16555
9638 45670
39833 25586
27901 37970
30310 35690
2126 38441
35183 26574
39222 19044
18929 15678
3456 12877
43782 6977
31371 16869
26390 12317
24111 30354
48642 3351
8933 45910
24508 34267
37043 12538
33094 9054
31708 11245
1494 27867
40881 5295
49589 2727
18193 4037
41105 18070
38901 6249
38732 28685
17716 14320
47888 20195
11169 20680
30639 33908
41980 37747
11140 14160
16730 30295
21554 20554
23015 42119
24613 10020
19418 28871
39914 47351
33656 26176
17236 28391
17461 22661
13600 33366
15888 25894
6370 47884
11419 19621
12116 20096
5657 40796
7947 22940
14975 142
34487 19975
16697 14413
14595 13476
27101 25264
37631 8868
28431 40269
44799 48778
22352 5836
2669 34230
24010 41221
43434 41998
33777 37068
47250 47637
31464 17548
40998 11106
45602 46850
18570 30668
6595 27090
5115 1095
43920 47407
25120 41272
14543 16454
9753 42587
6521 28068
21534 2035
39497 4521
46993 30107
36110 11205
30567 17881
17550 36974
3183 14314
24598 8587
29221 35608
41376 24163
10912 23522
36111 14431
49227 33711
19964 5147
2774 35042
44050 36646
37740 7715
3095 37386
43910 45742
14838 3552
10696 6453
23434 40282
32514 40576
22217 29208
5279 342
21388 10211
5402 36292
29369 1591
40053 18405
31826 49759
2544 11403
40127 4134
1151 48696
8358 13972
2767 31716
27725 47022
33739 44085
3311 1560
7709 49847
24898 10770
44832 5339
1241 47330
22446 40104
5417 11770
45171 24960
34822 42234
17422 2297
38840 24713
48337 14287
43221 5148
20608 26649
31161 47243
30532 29226
8503 11107
18850 21197
40382 32187
18765 31188
1264 9107
14554 7490
45889 37806
40967 11690
41391 27309
46790 17121
49563 19818
22683 25793
48018 44904
39610 48415
34261 7957
10224 16580
28881 39522
31829 1593
7544 31252
11026 15765
36003 18984
41360 14359
15297 13921
5364 12818
37979 550
39284 11478
33820 25095
41026 16168
40814 26810
10673 24843
33239 18515
27778 6010
8613 9719
42187 44570
47915 25612
46118 16691
43873 4072
22698 23303
23949 3800
3178 20783
35527 8710
34177 164
6742 31031
44447 21525
13371 18491
42181 34242
10611 44424
46608 3965
44002 18065
15277 20986
723 44838
15875 3204
28233 20372
12722 31816
45157 4206
2627 24175
33209 7558
47166 29739
14158 19182
42105 35991
26036 7511
5383 3072
22093 22296
14115 18377
47628 47271
43431 17045
49418 31065
22319 29775
11408 8001
23355 6041
3870 44898
22324 104
844 46415
19246 18416
32407 34568
45864 26301
26929 33718
6518 35937
34501 17414
31971 19600
32186 48647
34325 38160
2360 1846
25167 49283
6278 9217
28293 48635
5090 43786
9588 40540
10575 38390
21428 30252
49055 10863
8615 40596
34981 13197
34692 18230
36481 16714
7105 5910
16784 4926
13063 12696
47271 34826
16482 41195
47560 42778
20298 1243
8718 24834
31585 23009
33044 17260
40964 44184
46823 25479
28113 39198
306 31919
11527 4041
33724 38489
46618 30982
30700 24662
6536 32705
47302 25082
20890 4117
8968 7699
35809 3706
39030 32393
23675 31174
6217 41783
3047 19627
34085 10676
2177 23764
29325 16466
18533 6780
7923 28464
47819 20961
38208 12208
20210 19077
46598 10755
24957 18068
12669 8399
9301 16475
2728 4308
9743 40897
7236 37908
31932 40235
25239 39262
12083 23307
20675 2268
11373 33426
27018 21627
32494 1131
20244 26888
45230 29944
25427 15934
42278 41373
30930 24790
41318 45316
44884 8609
22702 28034
39196 17213
31519 30656
23724 34305
12708 36139
30840 22034
45981 2273
5147 17188
13134 40348
2762 48684
32124 32953
46167 30665
23771 36121
46554 35748
39396 25420
16940 34672
8510 32088
1542 24762
31040 36966
20157 239
5473 16557
35784 8008
18928 47239
24031 48088
1026 42435
12800 22684
46956 27537
32570 40838
48578 8030
44206 24654
27783 32395
44179 21215
41006 49959
9498 11732
7251 32654
39555 21816
38669 35661
20378 15
1231 16388
20314 8419
37289 21970
49209 13330
1751 10065
34629 40478
21159 15194
28041 7292
31450 25421
14421 22571
7922 12548
779 1599
5296 9803
43749 34640
27139 13184
17761 4520
19922 29669
40330 2255
7035 41348
21259 16107
41856 42989
33867 27298
33905 19816
11958 31460
44552 29026
11928 6335
46618 29626
20965 22257
34613 42381
37352 26131
45766 26317
21174 35083
20584 13856
49606 18583
34365 30055
15347 5210
4112 14983
38200 34474
1829 45609
13842 10657
35444 23719
45841 36735
38570 32140
24433 12438
39624 12676
35003 6488
16965 36548
31123 1708
49170 13852
32346 43348
44149 12512
41154 40542
14434 48073
48522 38852
3733 48536
36556 12663
42918 45591
32747 18412
41720 16927
22010 32990
14765 10003
39037 10706
17226 36523
5484 17929
24162 35853
34652 8992
30731 13014
30223 33506
36188 34266
35709 12598
29359 30180
38395 30831
26704 28156
39745 1830
11403 35159
1928 33583
46687 16527
28718 16396
426 34065
7092 12234
19375 25745
44062 11922
7211 6978
37736 10153
17007 37302
26533 44792
17589 46967
15240 44943
49498 11660
25486 47826
14299 42529
4688 46222
36801 9472
39819 23716
48489 45617
33714 8137
14780 17371
27082 38818
37106 11016
33297 21088
47786 10966
24696 47791
34246 7865
4994 11969
49753 24502
24504 22050
30071 5274
24166 8141
34244 37544
47463 41976
37545 39452
49889 34119
41866 26196
13073 44061
48962 15268
38355 27505
10056 16704
23703 14526
43178 44425
32006 35155
2034 24646
24877 18949
4324 1132
11631 35195
6443 10659
45888 28740
12765 18220
19208 46483
29001 43659
30928 3050
21279 35995
37881 39689
37372 38600
12168 48129
45500 23919
3137 34493
24787 43916
29031 36406
44508 36111
17759 24312
29874 2949
27211 37586
37770 4528
22838 40074
16777 27094
33969 22464
15379 43884
2821 18819
18112 18903
10318 47874
17427 43508
41309 39105
1443 7121
26677 38871
31593 11758
20692 20996
14313 21313
38953 41531
37728 35239
10927 10694
46442 48516
22488 24288
11153 21495
39252 47682
44125 37282
35344 43974
25012 40856
27769 43765
2129 21315
17991 5903
14820 7488
14220 4437
40029 25363
33165 33594
9257 7713
20392 1839
14868 28960
15901 594
28605 44489
43265 42138
36487 20366
12611 886
32178 25542
46015 49385
19605 13473
14745 31374
49679 825
1865 18951
42128 44080
9320 42591
35913 33589
35942 3957
43042 12839
27087 47462
27782 33034
28152 20631
8297 3727
30843 30903
17949 13175
31829 43148
26602 32467
4493 17464
18493 35656
2593 47761
47733 23206
21407 14020
36148 12795
31614 33360
5160 10332
38606 36573
26564 4501
45528 38256
594 12440
6301 3181
2179 8933
13904 46698
428 42795
46542 1479
47465 5111
2599 19101
45445 31504
4598 43234
45468 43455
15787 13429
14847 4915
48540 39637
9423 1148
38469 34060
36467 31245
32085 48267
38359 23524
34703 34051
46924 18210
48007 30339
1986 4298
23854 1100
13166 45022
17078 32473
34587 3326
33758 5392
7416 9617
2580 28078
41820 39584
5853 34463
24612 12462
6433 12463
20373 17765
32009 25368
38136 24849
7672 13330
10024 5396
29651 36811
21930 15544
18161 38826
30525 38464
7897 27118
15595 36771
4115 4774
22525 46515
29084 41443
40546 9954
10476 5751
27349 21235
41799 20580
5933 30742
27817 38749
19151 12405
26705 6897
16794 11589
28305 25477
19442 24398
14697 25627
9811 28585
9379 31104
5141 46119
40164 3840
3961 38771
30521 16713
22381 43933
1102 39544
23105 41788
44721 30813
13386 1449
46232 3762
10172 20357
42392 40142
39022 30287
32653 28374
36816 49043
22628 34093
22601 27232
11383 37914
46830 5455
26879 9536
49672 29132
42957 36110
18101 22565
35463 27063
31353 16985
23707 3441
44985 7640
976 27632
24491 24068
15178 3271
17896 34615
44633 13451
25345 4240
164 25040
41483 26998
107 2850
35818 24547
30150 17542
21303 49646
28058 21615
35031 33433
16586 28516
45111 21120
25257 14956
30014 12875
2979 24646
48905 31758
45637 15522
24541 22490
45226 19705
2398 10784
29791 5368
49257 39868
4128 15572
42757 46223
23074 27073
44050 5419
8721 6658
49504 49950
23932 46318
33130 34490
7347 34702
31097 41179
3358 1085
11838 17398
16707 4636
1843 44895
44838 40540
224 45651
4096 42413
37911 35805
233 28295
34688 22514
17707 36805
7119 48811
15964 38536
588 16167
28834 24837
47692 48311
1587 48277
39720 9808
17481 35886
15672 345
7434 6363
23620 11420
41884 36030
31644 35114
9783 26617
35901 29635
18259 36690
46872 32359
9490 5924
6907 18674
8705 39040
45758 17205
24680 41225
21474 38669
32211 37075
41869 47756
1573 23778
24784 34510
17892 17015
16860 24257
40869 3246
4415 35729
16395 13674
39129 165
38886 8156
48168 33544
34861 6005
4974 9326
45015 21585
41632 9091
19576 37314
6483 44173
15543 27908
38350 44286
14683 21636
31835 39995
28490 14982
20091 45111
30886 47337
20756 7826
45029 21269
15824 19470
10092 48197
10807 45388
9029 17204
4011 4572
14366 30617
32196 30533
31801 6833
10307 38465
4922 42870
24902 36168
23104 21476
5152 38591
42737 8243
22293 35663
34681 43101
7774 7654
46343 6782
12080 963
37755 11927
18547 6825
42976 41332
16951 26729
1932 18499
2174 36942
19341 43096
15406 16694
37654 32090
21986 16390
6343 6720
24093 11500
34459 17196
31732 34865
27990 48348
42958 19672
7341 16482
33611 39472
42519 8375
28103 48479
34385 36863
40974 28974
24635 12032
2172 40449
397 2133
49797 20327
21188 42956
17785 1456
1632 19016
19195 25596
11824 37321
47850 4865
5351 24137
49135 3526
2699 41616
34385 34031
43680 2369
283 22758
4617 24142
17372 20804
26488 40830
18229 2242
18347 33321
27755 42139
4747 25167
43896 37416
44533 49430
45965 30548
6638 30313
35262 41467
38989 25264
7299 49485
42989 23185
912 33484
41472 19468
3372 6148
27455 25479
42915 11214
43810 42442
40032 15429
23001 27284
15319 1076
5057 23082
13400 40838
2709 2195
29878 36086
10114 3266
24440 18177
41344 15227
10513 43536
6186 36121
36048 35339
43088 13232
24202 27975
20838 38173
21055 49020
21594 31385
25248 48517
33950 29694
6192 13612
22926 21105
6651 27334
20359 40495
29196 46393
33406 23454
24571 4808
33661 16681
6298 24063
27153 7627
7477 9699
33419 33950
2082 29925
39872 40666
3163 42086
48357 16034
2987 33525
45918 25625
25358 35937
35867 26374
864 48945
24544 16401
21891 48427
21055 30208
8762 38654
11877 8608
41711 38956
38647 9787
44964 35331
4066 14669
19817 23151
35376 45449
49312 37287
14413 48963
44250 47195
12649 42245
36600 28949
25291 33331
16818 44745
24293 20702
20658 15266
33088 6975
1649 28645
37918 28864
10696 20353
10350 4444
39397 45224
12848 39046
15979 29129
25455 25176
11759 4195
31885 32012
47231 32053
9865 20676
15696 46579
40114 22912
20249 3530
24654 4154
10738 45502
21730 3089
5576 14366
5120 11167
39191 35155
16724 42215
44222 3395
10483 2844
25297 32026
44410 6870
16099 35080
30006 15465
45145 45014
34291 47549
10238 13704
13411 37532
9670 7363
31716 13554
18725 38186
21200 46274
13625 46504
43254 27260
19495 49166
5723 49867
16547 24277
1657 589
35722 14810
39617 13388
31920 11682
16591 9254
46681 2307
33559 10815
32344 3136
16618 26177
33837 473
47863 13418
41443 48348
31883 33468
2304 48272
1149 35249
32722 34641
13193 16317
9739 31362
22322 15841
4357 8087
28969 14809
17638 7528
27509 24951
7609 21215
18457 28451
3510 30816
11963 38687
36454 26172
48249 9962
480 24436
48124 43600
23556 25578
20253 45336
37112 28775
18250 6548
4658 43508
48612 45660
4879 28660
44622 42194
30200 13779
47078 32157
9698 32654
28358 5004
3349 35460
19430 26969
25565 15512
9089 18240
18045 20909
11337 8451
20880 2383
12316 31210
11427 24180
3002 22544
9510 25928
30076 24249
46230 15539
26553 42642
15036 25246
9845 23290
30006 32893
8593 1105
21537 30931
3027 38893
33897 43464
30375 6718
7902 29018
47688 36123
6278 27087
40170 8239
30308 10318
31515 13850
33898 23368
30306 20957
106 2861
19372 30210
24111 7789
40522 1876
12041 45610
22349 27734
22646 35937
39460 48420
29923 29431
25164 16136
19158 30636
9230 14552
10717 31622
14099 43782
49697 35018
6548 19679
6893 30569
42655 32
16583 10466
9925 359
33982 46062
43199 29142
13519 47844
3724 31223
31679 17523
26090 30098
46871 49139
40402 1760
22971 8936
15161 31854
23810 16693
7370 11195
15529 25933
17810 33055
27981 39410
12347 30566
30221 6056
5750 43665
33288 41865
22462 5536
36750 29448
31589 42797
17544 29849
25983 26803
27681 43235
7404 15258
16096 42389
32267 18785
17941 21910
27075 39355
1139 17144
34224 7215
47426 29180
29619 36098
48468 25147
39397 32459
13884 29482
8327 44388
20881 32857
16770 32482
14214 2545
28235 16307
11034 11780
43527 1548
30587 46439
5602 23485
25463 20560
12454 46357
35216 8380
38677 48755
11611 39876
42772 32124
49132 20421
5298 36139
14486 2831
11538 7904
6113 30872
25351 42382
49036 19629
8160 13469
20877 2313
12061 20225
31316 36915
28037 8961
28747 15159
25717 43272
33358 28236
31497 47131
8338 29793
18493 49822
23167 16001
11111 35776
5731 49011
19760 47709
13423 41614
1447 10989
3019 2580
36797 30077
23980 12968
38904 49592
28449 32429
14749 47839
40131 25907
19392 10411
41097 44855
13277 3674
4560 47975
22661 24940
24310 26636
36401 28414
34792 42501
29617 33041
21028 30641
23799 19494
314 35481
31485 22789
48753 31369
41864 21889
26046 1006
19374 37395
297 3578
7856 49073
30459 47458
13904 23380
40181 7219
23825 4723
39066 26447
19753 37158
35534 9227
41390 44650
46177 41941
15859 27137
49889 2951
20657 20972
154 17851
7136 6420
23350 25555
43423 31385
45823 43358
35429 38597
29553 22388
31773 23324
47851 14740
35275 41774
18238 39456
17178 37354
43508 12018
12818 15341
27360 43562
10560 2280
45226 43590
42150 16389
16886 29820
9032 8714
8760 21551
39228 23058
40872 46061
32381 43933
33434 35482
29475 15347
13449 27818
29275 9833
17676 31382
29236 32200
23413 8319
39476 32315
41861 24944
29108 25757
48419 10764
18611 49317
29384 43015
5227 38444
24540 47170
14618 39442
8873 35610
39101 31222
19791 40451
35788 19580
2457 48743
40872 5816
17058 25389
25385 48147
30955 33695
3659 8509
1557 36006
39004 46598
3310 26290
25684 3772
694 17300
34270 14219
45371 11573
7801 2812
30782 39401
101 45930
14959 26729
44669 49072
19057 33308
27843 38668
7933 33437
22661 16652
33048 1185
14809 34607
20664 41208
27229 39781
48610 31600
19582 8278
39376 39896
5136 34296
13047 22683
15697 25118
13448 37147
23123 4324
42772 2043
20307 39741
48317 16204
27991 34760
26370 47510
33699 43479
9110 31546
119 13226
45531 12910
40975 48353
6539 19566
48432 3283
4139 30370
23145 29192
28845 7992
21227 32595
4723 43249
33972 7212
25470 49018
49931 19080
12005 24984
18946 32305
20330 47806
2271 16365
22953 8888
24955 4109
35365 7705
36327 30930
41209 17026
48441 32195
23976 35630
8176 12153
42791 25321
3838 36060
33194 35201
29795 16035
7027 12729
39254 22619
44103 2639
11719 6713
27908 9708
29237 20365
7602 8842
38390 8324
26474 37919
44827 33658
18830 41806
19459 38400
35987 5676
36495 29586
25480 1675
42413 9767
27044 17706
26837 40029
43309 21892
6364 23905
29895 8065
9593 42770
39468 13741
29952 31926
2098 31245
6957 4625
4141 14954
33825 33123
45577 11733
36360 21182
44340 2856
28402 4171
7593 6502
17076 6047
11102 6574
1131 24741
1878 10550
40370 4634
21845 22093
1842 21684
1891 21282
36402 2187
20386 29377
17948 1885
47138 16370
32794 34320
3125 25450
2474 41754
43527 1702
2303 1041
31646 33457
38766 17919
49565 43638
23207 28364
2193 16763
16121 25217
31018 38404
20096 19663
5766 32645
32164 4868
47544 48837
12793 19898
47326 45069
10332 26532
27794 28694
8929 18401
27487 6996
20165 42425
33626 48021
17629 1578
37597 33268
6323 676
24573 39248
49404 30600
4405 264
32303 36516
3275 47512
47533 34117
26544 30917
21003 46339
30689 6591
30056 30664
8337 14630
20854 18499
46542 34156
5885 15861
40352 27831
33936 43942
34818 16567
9123 39700
11291 35108
