10000
1000
4498 806
72 882
5433 8455
6554 4395
4490 44
6632 2382
619 8258
4932 6184
6709 391
8949 8447
9889 911
5570 4685
2203 2115
4767 2422
9514 3216
3377 880
546 5518
9610 1263
7450 9999
7443 9939
1247 8509
5901 1293
4956 4525
9566 1011
318 261
9793 8873
7190 5023
725 2469
6500 9675
6355 2686
3598 2626
742 4535
2055 4128
8890 3960
5734 1081
9662 9398
340 3629
897 1475
7760 9388
6758 1395
5762 7318
9981 8149
3375 2706
9800 9706
3991 1454
8985 3025
8315 1483
8908 358
8424 5298
6046 3639
1075 1192
1256 2093
7508 4075
6506 5853
655 7343
7036 4713
4298 4906
6769 3554
4580 4990
5727 1693
1471 4963
1080 3598
5140 7867
8683 4594
9819 2395
6854 7929
863 7494
7748 5729
8065 3235
4285 1722
2713 5021
4223 6623
1437 3730
5050 9056
2472 7599
6383 6854
9132 2261
6309 6661
5043 9039
4651 4949
6695 6774
4257 6557
3743 1584
9787 8550
2226 7766
3725 4502
1498 8265
8530 1324
8203 2775
4692 5222
6994 4501
8017 3079
3885 3111
1481 7541
2394 49
1008 6497
2087 5133
2580 893
9959 2232
3264 6223
8597 1496
6678 4195
3349 8469
929 5592
6903 8960
3263 8625
9582 5476
5478 6761
746 5097
7857 9583
6908 4044
7078 5249
8657 2694
9154 26
2637 7301
7899 2737
8521 689
1142 1999
9472 1185
5135 5378
6623 7357
716 6833
6540 5292
4074 5687
9180 2453
2429 7650
6360 8214
1927 4161
7804 6092
7222 5790
7218 9166
2931 6265
9475 7910
2166 6523
6469 6838
1685 8219
4336 2578
515 8498
3519 8541
5163 94
6525 3773
5604 5423
4023 6898
7722 3260
4582 3967
7744 9361
659 7510
9562 993
3999 4684
4208 3825
60 6743
7622 4460
6534 4782
3346 8876
4137 7100
6075 6348
7091 3833
3596 4113
9161 7396
6410 6036
5374 6669
5538 5551
6455 7316
1352 816
833 4508
5623 1251
2123 1823
6358 1645
8914 167
5747 9474
6020 6149
3620 4018
5346 4823
6853 2618
4219 827
2485 1918
3364 8633
3271 8021
313 8299
5509 3862
3018 8596
3740 9494
9407 1956
7862 4118
2281 3597
619 9141
2417 1158
5180 676
7986 7473
6117 5139
6474 7616
7809 2998
798 8362
9791 8141
8559 4648
3194 6058
7007 4903
4185 839
2435 7830
3081 1292
5981 9648
3844 5068
8054 3215
8858 8971
1348 5865
8331 1095
7477 3957
3018 8504
589 171
3324 7730
8756 8513
7294 1081
2374 464
2618 2747
785 6459
6905 1260
6848 2353
8700 6482
2209 7095
6432 8722
6265 6710
9085 5597
399 3771
1960 6368
724 335
1296 9011
3240 9964
742 3005
2655 2022
7510 9219
417 7527
9150 4415
958 7541
7598 9107
5947 5787
1436 140
9777 8767
6185 2820
1850 1239
1605 9520
8043 6387
7919 7059
639 9775
5594 8423
6319 8534
4879 3820
2887 8156
3778 3056
3166 1150
8231 381
738 905
9798 119
8254 9373
5118 2896
200 3457
3114 6039
613 4255
3055 5978
1972 4263
517 6560
8645 1398
3499 20
5192 4836
9099 5230
6301 454
1183 6737
7695 8034
4354 8766
8420 2176
2013 30
4081 9188
5369 1794
2981 7422
5813 9036
7950 1137
2980 6381
8065 1608
8462 7985
9948 6671
7245 5460
6172 7371
3033 4103
4471 9081
9210 4407
5929 5747
9228 2305
9536 5085
6030 3352
4962 6940
9357 593
1881 1258
6009 1322
9583 8689
9135 8436
2857 770
7462 4836
472 8895
6281 8900
3131 634
7091 3806
9580 609
1126 8263
5756 8914
9371 1988
6260 5272
3507 4980
412 1907
8195 8325
1861 4142
742 7788
6778 6360
1278 1361
5600 1032
3180 4928
1343 2854
7896 96
29 7932
8350 4216
4904 5569
246 2013
8123 8187
4300 981
8735 2512
7554 9086
8843 8554
7284 534
4434 3137
2995 6671
9554 2198
2277 5245
9072 1618
1122 5165
5123 7744
5081 9922
2253 5642
4676 9122
4933 6103
9617 2057
2306 3666
8981 9077
4748 7278
3275 1141
4328 7480
1396 9382
8884 6082
7521 6124
3332 9121
4086 8543
8563 6258
3294 3023
7294 4544
3189 851
8667 9545
2975 6176
2659 4279
8897 433
4259 3510
2570 5666
4043 5380
4159 6855
1646 8986
6795 762
4353 3118
8852 3195
1891 9662
6924 6831
9603 3492
8546 8259
1483 4878
6090 6296
4816 7631
2986 2099
2116 9937
9542 9174
5051 9783
4402 8065
9748 8747
6398 1858
6031 8319
6609 1422
876 5111
8708 6013
3888 849
1081 3544
5578 1461
6725 3365
4792 3892
4566 9920
4989 8794
9830 8828
7725 7147
150 2189
5830 8496
4222 8933
4566 8819
4612 1212
6705 9511
9892 2092
6837 907
3972 7492
5747 2569
7200 304
2591 4350
2429 9960
517 7358
3455 6236
2739 4553
5664 5332
18 7891
3774 9237
5700 7706
9298 1977
5194 4371
1139 1183
194 480
700 4319
6749 8006
9403 8840
7260 7169
9387 870
44 8247
9039 628
1662 4566
1229 4627
9739 3290
5854 1997
1992 9717
2227 5547
9388 7741
4589 8633
9295 6487
1935 8336
6418 9007
8018 1620
4291 7773
8793 7329
1215 8296
2588 7990
6177 9092
625 6595
3044 6756
4010 5674
7226 4895
1084 161
9498 290
1424 9780
799 6216
6607 8349
2089 3458
8362 3842
4747 7494
4326 3705
3797 7659
6651 8728
3345 1636
4490 5788
4680 6943
1932 2966
2191 8289
2698 9375
7044 3038
1490 8362
3502 834
6023 1162
8030 8599
353 6399
3283 3662
9671 4708
7544 2492
2685 2975
6747 5134
2043 1025
3017 5595
4234 2626
6361 9587
6066 8801
7923 9468
9453 4767
3268 3546
2301 4795
5653 1680
1681 5145
9707 6303
7451 318
7170 4225
4911 646
779 1065
1416 7148
5597 781
8994 5918
3388 6158
7349 6265
4630 4894
5714 9244
9736 4729
6798 1891
9649 4153
3420 5850
7276 7269
6490 9958
4822 1852
1803 5552
1301 2809
4707 8041
5266 4030
663 6651
2811 8993
954 1425
1054 8091
6342 7928
2056 3432
9310 7466
1306 7600
2516 8524
333 6138
9254 3563
2623 7157
2218 751
8858 9548
945 1188
9903 3091
5603 4429
3914 5852
3874 6260
4736 3684
607 9488
2315 2329
9272 4805
9102 6312
9608 6430
8622 9745
2114 4523
4959 3328
7656 2002
6390 5658
4959 6102
1682 3813
1248 8764
9551 5288
1534 8436
4789 453
8815 6626
432 1653
5425 2914
4314 3960
9878 1165
2747 5570
4597 8544
5240 773
9535 5374
9866 503
8827 9470
5706 1403
978 3358
7539 6020
3853 5498
9188 7355
3488 9992
6972 3633
3234 9844
3910 6293
3286 9112
9461 4841
3960 6233
5672 1915
6407 5856
9473 2643
9331 7557
2799 3226
6648 6342
7312 145
2898 598
6652 4299
4362 4514
25 2688
7948 4134
259 7739
6319 656
8660 4515
8148 1742
8465 5545
1175 349
21 8941
1966 4110
1687 7037
5879 496
1238 4458
5638 6096
5098 172
5740 7394
2260 9552
9004 2106
4041 1264
4176 3698
9321 8520
7970 5478
7422 1802
4142 1398
414 1348
796 8449
6669 108
1065 7546
6360 2413
8017 9044
2223 7081
8678 4965
3014 1744
3215 1084
6197 8072
8566 7041
6289 6634
3867 6855
5320 2458
7623 9803
7388 948
5768 3453
4775 6225
6852 3681
7430 8014
8101 9407
9151 227
2497 5117
7958 6390
2765 9581
5934 620
4360 3118
1423 5853
1697 9435
938 9802
8978 6183
2038 9540
9403 3043
4501 7775
228 5901
3992 2779
5950 3538
4539 1270
3641 5269
3508 2404
4089 7895
8166 9668
3313 3438
4661 3759
9248 3513
6830 9988
1489 6680
177 9850
8360 4526
1980 8186
4407 9716
9750 2876
5828 2757
5577 1231
6719 2482
7786 113
7880 3525
7356 7693
2066 2061
229 2745
1570 7198
6526 1146
2352 136
3979 5047
9083 1140
7407 847
6628 1390
7873 6735
5756 3430
1591 3125
3842 1382
9299 3852
4884 4434
6005 5071
5137 9158
9026 8438
6872 5849
9812 3250
6429 8996
932 7466
4572 2129
9330 9432
4505 1358
4351 5786
9182 3291
1801 6221
2372 6881
985 1842
2196 5355
5649 4766
8164 9537
8052 3231
4326 3828
840 6157
3804 8281
5564 6429
540 9716
7967 5769
4401 4875
4672 6248
5156 6551
4320 4794
1138 7869
3003 8926
9219 7736
5310 930
1166 6786
245 8418
5814 1155
417 4232
9236 172
655 8132
2143 3126
1713 7900
9980 8889
4791 8054
9173 7324
7854 4040
3512 3974
2511 3678
4110 3247
4324 1348
203 5999
9316 7706
323 6869
610 2216
4772 8575
8803 2009
9263 1116
3475 9677
8323 5246
4470 4297
2284 4297
6772 6845
9410 7427
4827 905
6068 7191
1569 9675
4138 1886
9857 229
9863 5989
2226 7661
3353 4798
5587 8025
6203 5565
5289 6421
3887 6658
7480 1560
2407 3496
2250 3547
867 8907
9869 8732
3379 7648
1885 3703
7434 2289
4468 5726
4342 3868
1518 7458
7137 1497
4969 1403
8690 8868
94 3013
3122 8854
3723 3322
3686 5124
4506 1636
2290 2108
3361 6114
3142 929
1141 2982
114 7595
3244 7668
3846 7685
674 824
7580 7153
2518 9344
4462 2408
2059 2336
8643 9031
5593 4879
1917 7388
6153 5007
8759 601
8456 4166
5558 572
461 1714
6329 7882
4122 8555
5738 7889
670 1587
66 4192
5761 3938
1549 9561
9448 122
4213 621
4613 5593
6577 5813
9745 1342
1228 2426
3197 4347
5601 1329
6659 5208
8807 1475
1204 2078
8363 4297
5870 9248
9869 3026
2413 471
3835 2327
6288 1995
6455 128
790 6823
5906 6335
2899 8213
9335 5002
2801 8704
1948 7794
1320 5224
1052 7753
6039 664
6949 6611
4882 9305
5833 1043
3744 2623
8848 6933
7201 2561
6684 3726
5946 5294
41 918
2633 8368
496 2168
5904 5584
9825 3519
1640 8654
9726 9336
3133 5691
5260 1414
4486 1459
9561 1549
7398 4102
8093 8090
680 8133
5021 2662
1893 921
1253 8934
3565 6939
4780 5706
7699 4985
1859 2985
2754 8387
8237 4541
891 2666
702 3640
2958 9816
9295 381
4376 7258
5333 1414
3244 96
2104 7234
9469 1223
982 4567
6373 8262
3262 5830
5589 1813
9646 3605
886 1337
6636 4812
6745 8438
7144 2744
4263 2176
4484 3500
3760 3397
4662 7129
5810 6405
7742 6621
4269 9859
3220 561
8685 7496
6034 1329
5698 7189
7263 4527
6350 2497
204 4112
5642 4073
7658 1263
7634 556
5394 9289
3942 1583
7203 6376
1942 9931
7154 5578
9329 1339
8225 5452
9652 4356
7525 3636
4156 5433
7987 4069
9435 1526
7459 6362
1719 8470
7548 5017
3508 9564
8156 5102
9774 166
6329 9566
3739 4507
3502 463
1269 2182
1032 2006
7933 6294
2028 7378
1912 7208
9788 9985
1510 1888
761 6814
4607 6366
735 7646
7599 4944
4237 8981
7479 8910
2391 3948
6979 24
4521 4623
6280 523
6238 9957
9044 1371
9882 6135
9018 8152
5781 7801
9829 8557
4120 1277
1429 4969
9358 6090
7769 3428
6981 5697
23 5785
9754 7667
5662 3084
5205 1137
9880 1032
1399 7106
1615 7078
6424 879
5024 3723
5000 1303
4904 417
3438 3236
2378 9221
8632 5914
2177 8802
4912 5799
6725 151
8665 3084
9423 1471
6396 5226
363 7080
9209 3097
3225 6341
83 4939
5629 3643
9580 9582
5905 6114
4461 5547
2097 398
3590 2175
7343 4016
8122 1347
8661 6808
3875 5933
4821 3759
6959 5646
9806 3543
2199 1445
9035 1422
171 8779
7214 7355
2204 8977
3783 6724
6611 2808
8422 2880
3005 2343
4746 7673
7417 3466
6191 283
8601 2569
4345 1760
3371 6296
9870 2212
5373 7201
89 8951
2507 1884
4406 8840
1882 4519
1952 8109
5436 7619
905 9490
8038 3061
6264 3287
1607 4607
8007 6279
9303 5082
