1000
100
119 332
85 450
111 97
131 455
628 385
256 18
762 630
288 283
476 134
168 484
532 477
816 148
853 541
179 58
978 495
664 367
446 363
752 603
407 357
211 914
124 601
214 554
655 523
867 484
542 525
167 522
695 965
159 471
105 581
239 707
920 62
776 306
340 361
884 928
762 654
421 52
107 712
98 312
381 839
548 340
979 64
228 591
96 951
109 849
198 678
594 894
398 394
775 328
47 27
561 482
241 98
369 481
171 197
746 715
965 336
250 830
675 262
885 920
210 332
740 39
165 779
771 54
800 537
661 422
239 174
497 666
801 861
476 836
266 743
951 646
83 700
992 764
152 981
434 642
132 115
316 702
891 509
352 134
806 221
909 843
610 195
568 724
278 802
449 708
816 806
868 963
161 124
798 959
402 719
989 760
247 594
275 752
598 205
917 484
21 722
897 30
29 708
214 240
528 394
445 838
