5000
500
1283 2058
164 3851
2804 4827
4221 3900
151 4429
2100 549
3276 1413
976 1566
2331 4725
36 2856
2903 3285
3112 4189
4530 1516
575 256
923 64
3077 2926
4626 2038
3161 3662
1316 4337
3544 1281
296 341
2132 2086
2571 4415
565 3155
1219 383
2024 3704
2220 3068
890 4009
4808 2747
2992 1649
4977 4946
4774 174
1534 4654
1724 160
4180 813
4670 1317
2839 4482
1298 3128
302 683
3625 89
2739 57
810 1450
3126 3053
3183 4863
3722 4033
391 435
727 2944
1206 3776
2390 2606
956 3701
3613 4363
2751 1286
2191 3000
3161 2203
96 2285
1828 3863
4257 1643
3965 4670
1553 4042
2328 3681
4588 2000
3222 2940
1000 4955
543 4414
686 2517
537 1365
2681 173
1842 68
804 339
23 1934
2102 3860
769 4828
3580 2977
1792 387
1501 2016
3635 365
1804 807
807 3251
2391 3880
3164 749
2576 3509
2968 57
3441 1827
4937 1285
714 2133
98 3384
3626 1307
1702 4505
4937 969
1880 1152
1315 3166
55 2189
2841 3922
2476 2672
4738 2316
3391 238
2457 3754
3212 3879
2312 2774
2755 2876
4513 1106
362 2508
4867 3900
787 1765
1477 1781
2240 1941
2181 1635
1605 2535
1880 3922
4105 4253
4995 2967
624 1518
4176 3958
2066 282
607 3678
3025 4849
720 303
243 988
1399 4292
2737 3683
3661 3613
816 1752
570 909
2610 2527
693 4965
1550 1601
3468 4067
515 1187
3295 4236
2193 1782
1635 3310
4194 4708
91 2153
1731 3564
2398 118
226 1189
3553 1371
2602 2589
744 779
4788 2820
153 435
4537 3967
2963 1343
1355 2592
3033 4370
4076 4388
687 4696
2356 3802
1666 3567
2700 4348
2564 988
1975 3527
3800 2659
2374 4032
2218 1288
3372 2584
1651 132
515 2221
682 284
3531 4881
3454 671
239 1869
252 213
2496 216
4034 3983
672 3423
1691 731
4518 2040
2665 3031
191 1933
1318 1266
4174 783
838 3434
2634 4704
3941 1950
794 3649
2922 4602
3727 2479
4259 4114
1406 93
1740 3867
4589 1635
311 4273
1925 814
2324 3481
898 4870
1794 3390
3023 1340
3309 3403
3273 324
2528 2011
623 1999
1856 4210
743 3440
4609 228
3951 2358
4860 1063
4518 1379
1220 3752
1477 482
2995 2270
3621 2274
1846 2019
1236 2214
2130 186
2777 3411
1158 3021
2666 439
894 3999
4408 861
4301 357
1047 3967
2059 3609
1400 1746
1881 1346
1855 1477
1414 4768
2229 767
2365 1809
4848 245
3055 1481
3658 2697
2333 3843
4590 3764
667 1519
1510 2126
1567 4084
1402 2450
2569 298
1285 2009
2463 4049
1411 4624
260 318
3370 2069
1065 579
1553 1141
3771 711
481 3389
2095 437
2524 572
3576 2259
3656 3612
3815 133
4858 1096
3245 2051
1502 3013
2318 2894
4192 1352
772 3397
341 2413
203 2909
2935 2030
2592 4132
4558 3685
2524 1846
3055 3272
2930 3592
4843 3894
1378 545
3428 1366
3576 2991
2044 3966
4535 4507
1821 852
3111 409
796 1625
3543 3098
408 2950
1311 2129
4936 4459
1776 802
2804 4836
497 2023
3369 5000
311 4010
4161 2166
4877 196
4057 2608
3272 2764
4425 3527
1865 2255
824 580
4332 272
3088 4568
4412 2350
270 1011
1347 2921
1622 3955
3412 2647
4242 4713
521 3833
1204 2041
3432 4349
237 4243
2061 674
672 1198
4157 905
2135 4373
1179 1228
1524 1212
3832 904
2335 3480
4071 3637
3490 2618
15 529
4006 1275
631 2295
3756 4070
2088 701
2994 2167
2632 520
4453 2224
3363 2080
4993 3978
145 1400
2274 2197
3765 890
661 2386
1871 445
3190 3846
1810 4502
675 670
3212 3326
60 738
2657 3218
906 2149
2564 4765
18 323
4597 504
1882 1092
1399 2719
3291 4419
4386 749
2057 3752
782 3432
82 4124
3637 1629
4156 778
2619 3900
4805 2611
2985 1366
1919 1201
3870 1343
4288 1350
4240 1873
4066 3984
3599 4392
2454 3888
1817 4720
3573 4425
213 2020
2797 2234
1031 1444
3711 3409
4822 2521
49 1358
3610 762
1801 295
739 2368
2177 1887
1698 2489
1715 1883
521 264
2391 653
4417 4801
3254 766
2272 2078
2930 4110
1549 3776
4778 160
3874 4931
920 434
557 4759
2426 2263
2732 3018
2748 107
3577 3690
3511 3853
1310 4540
1164 1901
1179 634
4843 2777
2921 677
4071 4890
74 1174
2001 3925
19 3445
2751 2233
4792 3588
1993 3531
3103 4470
3109 2627
4058 3401
2354 4864
2915 4608
1489 178
3166 1464
1407 4812
1599 4507
4662 62
903 2904
1860 4047
1951 79
4231 2713
241 2987
819 1749
4703 3231
4747 4425
847 4582
2140 945
2891 1166
1271 426
855 1245
2472 1645
1466 2012
3362 4547
4800 4836
2766 3085
1729 767
248 358
1139 1317
4836 2768
1696 799
3580 4889
3141 695
2024 1124
4458 3600
1461 1036
1744 451
684 1901
2169 1997
3704 1897
4967 1767
2149 3421
2043 2921
2193 1653
445 1414
2202 2062
1210 2009
2294 260
2733 4960
3637 4194
2189 3335
2860 4364
1315 4957
4321 4153
2063 1789
2090 3990
3680 4849
3369 2120
2481 1949
679 3236
1411 2919
3474 4944
2148 350
1447 4360
4026 3326
873 3139
4977 2036
2045 213
1471 2410
4136 1915
752 4342
1679 4646
4597 1707
3983 2163
4880 1210
205 3403
4419 4652
4911 3946
159 1669
2682 3011
2222 1625
2011 2375
3242 44
2926 3988
4607 4212
2967 3028
3122 3854
3577 4344
2700 1258
4146 3351
4379 1955
578 2599
701 2879
1535 3925
2593 2005
4959 2481
2753 3617
4906 3532
4849 3158
2639 381
2218 1064
3616 701
3486 267
64 3953
4508 3086
582 4046
2822 2680
857 4089
