1000
1000
510 751
63 927
752 472
578 875
301 137
935 388
457 757
995 107
823 118
438 407
835 73
868 804
797 434
500 746
109 399
99 99
425 533
241 409
398 974
408 365
377 669
850 784
107 589
644 761
339 615
822 587
782 407
746 556
138 179
255 626
982 396
446 741
497 289
370 973
211 898
274 13
472 920
788 721
414 700
713 631
899 336
723 598
486 529
631 753
12 259
993 778
643 759
750 657
38 801
50 359
934 988
436 106
802 336
494 122
910 459
769 583
430 66
543 46
470 80
291 970
966 796
140 619
421 896
220 460
234 103
35 200
672 312
222 513
40 800
335 84
4 932
748 126
687 593
810 908
988 705
521 267
292 440
291 972
591 464
486 230
247 288
201 632
534 582
100 213
384 188
332 732
378 810
379 368
88 589
838 954
679 742
260 384
377 973
93 842
122 49
241 901
344 219
696 201
341 930
57 355
994 609
617 78
804 822
518 386
496 275
914 907
790 413
910 48
119 32
42 767
32 620
425 548
284 864
777 182
864 9
382 446
168 433
875 432
871 533
833 168
392 100
649 955
669 878
354 472
417 563
147 817
181 318
642 510
647 860
825 169
501 586
969 463
361 537
756 18
98 1000
464 517
632 555
133 846
201 744
117 1000
892 145
206 383
923 11
489 825
803 345
499 917
117 945
713 707
102 898
47 228
501 158
393 822
189 769
962 387
44 701
835 476
101 674
467 45
6 206
160 783
53 970
366 995
475 527
596 657
866 314
678 237
51 237
228 367
903 91
765 137
47 766
609 116
26 706
160 658
788 690
117 889
824 371
799 878
305 242
665 209
413 405
881 244
175 293
183 529
684 482
719 842
889 505
19 605
335 313
565 454
436 135
829 179
230 647
281 576
113 668
950 856
417 912
155 537
84 816
183 670
615 901
772 174
729 938
408 717
117 378
721 711
489 787
682 123
20 597
752 932
921 671
861 116
153 24
130 921
566 429
574 663
691 828
822 490
962 242
215 294
531 875
929 64
798 857
957 227
331 344
949 334
106 978
291 231
363 290
493 114
979 35
251 150
403 246
676 445
642 684
347 477
760 68
870 498
902 625
439 254
327 647
69 706
232 243
70 503
607 16
166 792
210 571
97 716
335 829
898 890
912 454
650 399
399 750
258 193
834 715
229 730
258 286
711 628
105 752
637 402
982 115
533 800
330 668
698 185
525 4
490 656
84 974
409 631
61 321
51 886
876 324
207 227
557 832
32 38
535 321
157 288
335 434
591 955
549 792
50 65
127 661
469 833
303 712
434 643
792 576
352 648
835 236
547 965
663 99
555 690
182 777
443 560
326 838
457 10
510 712
161 897
288 990
222 418
101 713
834 262
196 460
887 932
372 66
299 542
306 887
640 931
341 427
195 471
324 271
474 341
546 328
743 680
716 426
249 223
270 913
227 973
640 994
339 952
55 302
166 364
247 341
598 308
977 870
675 521
273 689
685 52
107 78
609 742
671 114
599 789
328 862
297 910
819 757
272 166
733 295
411 300
688 297
300 574
711 42
664 227
884 8
24 480
26 151
576 736
524 636
379 46
920 222
900 877
545 820
129 443
489 335
245 216
657 745
737 114
581 771
890 632
869 791
380 191
880 147
683 531
194 993
166 794
475 114
972 617
6 43
998 574
853 635
861 747
946 736
555 792
326 651
585 216
900 701
373 461
170 765
797 497
172 918
424 614
755 673
5 131
346 904
115 896
134 496
228 127
304 382
151 824
878 38
18 171
846 425
125 449
379 153
679 535
664 709
360 895
947 542
189 378
936 993
183 450
885 580
98 41
585 123
534 21
720 440
520 713
921 781
549 102
28 993
971 531
894 344
204 455
203 61
911 571
222 16
870 650
641 989
671 254
331 906
177 861
917 767
476 129
102 81
402 236
686 1000
289 408
263 325
461 120
364 418
385 910
205 908
336 409
368 908
162 660
734 579
638 955
754 562
119 574
902 579
976 93
470 758
713 341
829 855
790 973
716 661
994 115
210 539
431 412
769 929
374 235
909 142
321 746
708 757
670 159
537 227
620 106
712 504
763 616
398 822
681 649
493 74
27 807
840 995
444 831
726 657
47 18
726 909
434 743
226 616
152 39
42 275
200 882
892 713
790 805
852 75
734 423
646 334
116 894
426 992
194 976
31 122
27 429
773 664
40 155
161 794
395 547
878 829
79 11
693 103
5 729
950 113
489 910
594 65
895 439
41 737
972 349
326 228
311 790
812 801
210 893
268 18
542 434
423 446
359 538
43 4
181 635
334 984
412 465
13 336
890 87
99 294
516 733
749 112
227 97
424 847
552 383
986 970
675 870
963 425
49 238
857 921
719 842
472 876
988 932
412 762
169 937
834 503
348 376
200 40
926 282
303 832
214 967
803 21
396 597
297 501
271 659
351 328
86 446
267 180
794 805
932 143
52 761
535 62
461 334
29 743
746 813
601 4
471 557
689 858
414 680
348 515
132 944
492 346
69 736
164 320
939 533
289 192
14 907
97 705
348 932
242 492
196 361
430 641
145 812
131 835
44 509
136 340
384 462
70 292
948 537
158 328
994 631
768 377
284 538
167 210
299 558
428 128
12 268
411 527
98 339
383 698
800 588
433 867
51 55
629 826
405 696
487 457
593 221
437 982
485 620
438 149
259 428
586 534
178 14
549 474
203 487
139 340
868 940
8 920
734 545
855 282
359 34
524 871
624 314
747 611
220 403
83 663
754 477
83 201
668 427
307 424
305 170
684 838
294 619
909 117
956 581
66 1
762 627
474 621
284 638
960 194
555 602
601 530
226 921
844 33
272 449
545 198
801 413
338 554
503 1
732 36
96 636
3 470
200 709
509 485
173 401
175 642
721 690
351 21
497 192
557 669
796 494
83 484
198 267
852 751
295 337
540 439
671 545
228 14
256 562
953 862
67 532
383 329
649 875
985 731
66 76
652 955
221 332
781 342
709 375
210 384
683 303
502 199
819 241
343 98
471 678
277 394
836 560
511 703
476 492
913 759
960 589
707 173
812 220
75 636
327 48
65 103
651 70
813 629
350 473
991 277
852 586
319 299
514 278
4 492
671 23
420 446
509 697
88 279
143 871
606 941
963 199
597 324
662 852
272 685
777 111
481 725
160 374
169 401
962 910
634 643
303 7
765 259
808 935
622 609
494 597
748 842
559 244
444 818
497 439
745 444
869 756
291 906
748 41
471 423
493 396
916 46
325 16
354 757
229 822
763 198
255 24
612 846
934 125
228 21
96 477
703 95
998 968
479 424
242 183
617 897
471 415
88 613
216 772
137 391
42 803
358 242
341 571
490 348
880 604
585 746
499 975
350 593
487 147
385 381
963 130
288 332
639 900
828 899
865 396
89 550
147 942
365 667
668 544
902 11
61 539
552 771
34 966
782 889
904 848
767 573
677 101
681 680
110 407
461 748
86 682
504 764
141 153
94 485
244 32
650 980
29 39
801 621
340 173
183 453
938 433
337 803
563 910
24 284
182 291
253 153
757 341
255 526
71 398
905 640
851 876
847 613
435 553
168 144
292 556
279 359
788 973
522 547
685 168
118 728
384 736
947 841
759 595
964 561
113 62
631 22
772 434
887 576
385 841
120 87
283 800
232 913
83 965
113 734
337 872
559 315
265 812
834 938
723 55
619 235
853 799
39 59
173 524
583 597
33 111
860 426
706 39
711 314
290 786
499 494
624 869
658 812
449 887
173 294
175 955
158 318
548 779
653 576
163 681
883 331
613 990
604 151
117 434
788 557
971 133
813 85
639 544
156 193
669 506
101 584
612 396
920 206
783 624
166 180
798 914
649 107
562 227
696 645
216 631
5 555
1 326
925 288
888 884
230 302
443 664
763 398
862 455
575 608
861 578
331 515
68 225
173 33
59 500
538 881
236 908
468 426
605 838
105 604
961 77
440 321
884 833
868 995
649 692
981 108
980 509
184 859
148 994
36 456
678 412
468 944
390 970
632 494
769 725
194 785
707 448
396 745
743 860
350 597
369 210
229 931
8 830
444 896
256 765
594 445
6 274
883 895
946 971
583 996
842 908
497 650
290 268
438 234
836 626
723 155
563 264
322 213
987 811
844 860
283 88
69 273
235 894
570 544
43 5
969 152
367 32
277 929
93 257
723 714
844 56
184 414
629 571
879 947
209 70
703 53
237 632
799 736
739 424
285 848
166 131
882 706
357 339
696 69
719 804
444 542
279 633
614 839
568 92
659 37
556 742
834 694
30 120
588 617
901 913
455 582
182 455
122 649
398 777
200 397
455 56
916 224
248 527
135 913
43 128
906 73
862 205
559 815
759 994
557 677
590 561
606 52
133 803
530 845
53 204
631 318
525 441
171 538
864 837
825 89
198 91
138 259
222 544
764 313
949 4
574 383
19 1
591 726
124 226
960 324
982 306
669 915
913 724
757 223
173 575
532 917
820 889
595 193
195 130
766 964
725 146
369 733
85 757
602 430
617 671
204 374
189 151
84 591
890 831
