5000
5000
934 3079
2957 4743
1757 599
2831 2182
1037 106
1212 1600
713 1777
2191 374
1700 4647
2201 4487
4976 586
1965 3851
4029 3936
997 1922
1528 4305
2925 1782
4345 3758
2131 1888
4050 57
1156 2034
3940 1890
100 3471
620 393
4009 1933
4130 31
23 4334
1352 1183
1154 2224
2827 4593
1634 798
1801 3075
4675 4584
4039 3764
1465 1921
972 3911
549 3144
2300 2715
1230 989
4141 4111
3384 4574
438 633
1324 2561
180 4478
4236 1730
3925 4685
1349 1110
3832 2972
3748 4860
4594 2146
27 4053
4770 4393
1448 2736
4062 3732
3855 980
3882 2206
1890 301
3331 2627
98 4125
4056 2829
533 903
1371 3921
3757 3974
2405 2365
4963 4633
425 4106
3032 3788
3085 4028
2967 1613
2037 958
4427 2279
3708 1834
3799 356
714 2521
1348 4958
67 2930
54 2977
3400 4522
2478 3124
1169 3850
4280 4922
2749 1375
236 1830
310 2453
411 4123
4605 489
18 4250
567 2753
348 1342
842 4528
4910 1124
2730 3090
4966 1504
1776 3243
1832 2558
4421 1776
1569 3358
2504 4752
3204 4387
2568 2575
2429 4305
4683 4843
581 1276
1748 3192
151 3455
1227 1303
4304 4040
2145 2713
4953 1235
813 4540
2499 2657
2880 851
1325 3038
3775 3660
1429 2102
2724 1541
4678 2434
1272 3975
2955 2471
656 848
4747 1215
4600 2008
545 649
1901 1292
1673 2062
930 677
977 3457
4872 2493
659 3803
1606 3528
265 1674
2332 1728
4492 2996
1527 4118
890 3730
1525 472
2530 2478
1583 1604
3164 1204
381 3582
2439 2184
758 1958
3245 677
310 1097
4322 4795
4136 4219
4703 2845
3300 2318
724 1224
413 1516
45 1055
537 1399
3415 4311
1979 1334
368 1634
1754 1969
2116 1529
4362 2964
1231 3786
910 649
4668 587
4783 154
1983 2954
3223 1483
3385 3123
4397 1626
107 2467
743 1603
3757 259
1469 4325
575 3522
1875 2882
1119 4741
3675 4995
2902 3503
1970 862
4081 3026
2353 2855
532 4514
2926 2074
4691 4815
3677 3399
4880 254
2034 1362
1039 4186
2761 4165
2549 4180
489 2737
3562 2533
66 2799
3183 103
4065 611
232 4790
2431 1154
2230 1917
4706 1015
2044 3545
2907 4401
1383 2127
870 4905
4900 3831
4403 2599
4162 2112
3247 1925
376 3165
2178 3776
1017 4575
4692 137
2986 1045
2558 3335
1747 1413
1447 3981
2702 1150
2052 667
3564 118
3528 2088
2289 2882
3614 2379
3051 3437
2688 4334
3434 2952
4565 1068
852 2747
2933 4408
3638 2000
741 1645
1217 1451
3735 3805
2323 3424
3951 2723
2080 2707
1027 2516
597 122
1704 3296
2720 506
1575 4459
4788 3423
617 3470
579 2363
3712 3270
160 3354
1804 3733
992 4387
4147 3014
4983 720
569 4299
222 1742
1115 16
540 1136
2642 1119
2596 144
1385 3047
2025 1275
1374 3097
4026 70
979 3239
3894 526
1095 4045
3172 1912
2014 1029
953 473
4130 1036
3938 2495
1367 4264
4397 1836
4428 3332
4645 3108
4801 2105
4759 3021
2288 3461
2599 3144
2302 1505
2069 564
1261 2071
1625 485
3610 937
165 2943
745 4364
3497 2207
2587 891
600 1143
4855 3446
2974 595
735 1617
2270 2589
1957 3527
494 4741
2959 1254
28 2938
1814 2313
2077 3684
2150 2604
2965 2698
3887 1200
2635 2710
1337 136
2140 3353
3530 2089
1581 3599
1760 1431
4054 715
3654 834
3049 2457
4803 4805
504 1388
4136 2815
662 530
2091 3851
3333 2865
4827 2256
3648 3745
459 4426
385 1738
749 1164
912 2666
3670 4374
2979 4746
4620 3618
4450 113
1520 1604
2950 1067
1774 297
4162 4826
2644 4405
279 4005
4274 686
1346 3820
3054 1453
901 2535
4249 343
1701 549
2480 811
2700 3811
2143 813
548 2638
4099 1037
1478 243
4978 1786
931 3181
1914 4535
238 1443
4922 3020
329 4957
4035 4286
1985 2731
3980 1398
2025 1222
1372 1992
3119 1927
3538 2774
597 4761
2264 813
4642 400
2380 2248
4631 2178
4576 507
918 592
3970 2364
3815 3850
1895 1234
2417 147
4854 3975
981 4548
3186 4955
1827 3669
2357 2924
2017 4824
4394 418
1142 3226
691 2500
3523 3481
4677 2654
563 4134
3117 4005
2920 4920
3352 1918
2712 3340
1963 2312
2465 438
3135 624
2433 3469
894 3777
1382 943
1816 2631
2364 1497
2249 2915
4025 2234
3465 1645
582 1212
3221 10
3812 810
1176 3164
1365 1405
3022 631
3431 3589
128 2476
2176 3352
4197 3944
2334 2102
1293 4108
809 2419
2993 1547
2254 4507
1804 1427
4253 2852
4001 4005
1659 850
4230 2414
4875 3695
3033 4000
4612 528
2186 4695
1477 4525
1403 2879
319 4802
2030 572
456 1590
2441 361
4873 4887
2028 1090
806 3407
250 2307
1998 3525
3114 3075
3455 1817
997 716
4617 3094
91 1963
1470 1140
3919 4924
1263 2786
3493 3386
1644 3419
1974 4388
4933 2591
3384 4951
897 3355
4521 4377
3297 4965
631 4095
3490 4772
675 1492
4287 2055
3172 1164
219 41
983 365
1420 2990
2390 2911
4136 1913
932 4986
270 4907
640 4237
4004 4852
3098 3509
628 2476
4689 178
3319 3209
380 1441
2840 4586
4850 824
2103 1262
1910 2491
3164 3990
3202 2246
1309 1444
3261 1064
3532 4895
3242 606
4255 4528
568 1086
4594 4795
3954 914
2907 4008
4460 2282
4177 659
1778 3985
2798 3207
561 10
3850 228
3657 3892
2904 2086
3310 3664
1464 4046
3794 2295
1071 4110
3398 3188
1881 1251
1116 2788
2647 2302
3529 2625
2739 849
3430 368
3874 4400
1970 1832
3444 1482
306 1461
3265 3172
3187 3672
125 2432
1134 4074
3610 3734
4273 2519
4875 678
1433 3523
232 23
1659 3688
4973 1897
3412 4336
2632 3998
3740 3389
316 893
1533 4026
3574 4012
2132 2736
2038 1320
4315 3192
3009 2334
4796 2275
3800 4131
3730 977
1838 2066
2249 3206
2735 2075
4878 2356
1441 3391
722 1892
372 338
2251 3355
4977 3242
3289 1448
3458 1773
2251 2581
646 1306
3589 3481
2925 1001
4588 841
2533 2753
2886 1239
2812 1702
1541 3271
4192 1599
1518 2887
2572 3226
4495 3280
1784 1451
3693 3654
325 4410
3813 80
3393 2861
2905 2584
1653 3679
227 176
1736 3781
1906 1060
1400 2825
1778 1791
1822 4203
1263 51
3635 700
4016 1566
98 3093
3857 3949
2027 4875
558 2501
1176 4181
4473 1677
2103 2697
2813 2273
4540 2973
4438 4525
2781 3845
3137 1554
3856 861
3526 3484
324 1898
911 2598
968 4477
1836 1703
4292 3823
2162 1670
3809 242
4007 2639
384 528
4902 1023
1518 3693
2379 3743
2131 582
4804 4000
3136 2423
202 863
2439 2425
1084 1302
1744 1864
456 1524
4549 4363
1020 501
4413 4675
4940 3794
4669 3204
783 1231
180 496
1065 1624
3638 2668
956 2519
3575 1119
1020 3725
1847 1469
3175 4184
1394 3994
357 1355
528 241
474 1533
3232 668
4214 1174
2147 530
4425 2367
2323 1349
2623 1822
2991 4497
648 3749
771 3855
4422 4072
4489 2747
4817 2071
3111 3783
3090 1695
825 4307
71 4518
4236 1071
1829 4538
2070 4068
2599 2311
3603 787
2540 737
2256 2219
3114 3011
1962 4787
1219 579
3537 4713
4134 2568
1152 1486
4866 1882
2867 4746
1906 2815
2357 2985
178 3068
1625 631
4401 1152
638 4913
1506 4807
3009 995
4156 4856
2635 1308
4111 1781
2595 2552
2635 3820
2784 4440
2968 4239
4747 2403
992 2691
4104 1627
1942 1230
631 4354
4350 640
1354 4454
3406 4602
3088 4023
4124 3538
3409 845
1204 2839
2714 2061
2224 2422
252 4783
1390 3775
616 1042
1287 1005
1973 2869
4347 3101
4902 4394
1354 4226
884 3973
4049 3350
106 208
2202 4456
1078 110
722 663
1908 241
3490 2674
4628 3448
4219 779
3101 3762
2243 4175
4796 2819
3688 990
1868 4389
3007 1601
3602 214
3483 349
1488 301
1749 4503
4404 1892
3597 3555
2178 2936
1947 808
1972 4669
1007 4678
1388 1637
1308 2314
779 3560
1614 1636
2108 190
602 3256
2728 4738
2328 186
3283 1873
3687 3786
1538 3966
987 3446
397 1406
957 2903
3277 4552
4658 1969
1775 3602
4373 2191
1650 1271
4875 4858
4459 4436
3069 160
4278 820
2897 3680
1554 1246
3088 2242
2757 2083
2194 2592
261 2568
1606 1823
4102 3857
513 2022
4044 1220
3246 440
1354 3317
252 4897
4943 3207
4550 1513
2622 1774
4386 434
3658 3410
4339 3719
4483 2787
4221 561
4680 1216
348 4172
1199 2400
3539 2633
3483 4734
4416 4852
1362 1339
2398 678
3696 358
626 4655
1984 2661
1093 800
445 4661
4359 2369
524 1042
1870 593
919 2179
3402 4671
749 4430
3778 1101
137 1336
863 126
614 4133
4862 2872
316 3629
2756 2640
441 4675
4764 2287
821 3982
1127 1167
4521 2651
4537 795
3768 980
3702 12
4272 3153
2284 3813
1505 4321
1344 2144
292 3114
3932 668
930 3096
778 867
1499 1545
2450 4566
4806 2785
2750 301
1431 4521
1549 2099
3998 4662
3970 2817
4418 4716
4850 4719
2284 1430
4643 3000
1221 1135
4412 1441
4681 431
3567 2814
2085 4836
4266 1848
1757 1998
2649 1564
956 710
181 2923
1552 3244
1561 3012
1577 4434
2613 1035
3574 322
308 4965
2576 4585
4693 1575
1044 4955
1715 1076
436 4819
3547 2002
3118 1718
565 4816
1700 469
3895 2746
1516 2333
3470 616
4858 4010
2359 3226
2593 4373
3952 2824
4805 3821
2296 4108
4129 1895
3987 4728
431 4517
1826 3573
2083 1058
489 2000
3438 311
4050 2447
3585 4149
4047 3996
1846 3475
4794 3162
3927 142
4719 367
1615 4117
3776 3171
265 2354
557 1074
881 866
909 4772
3672 3087
3865 2212
2484 3967
4410 3445
1620 3170
870 3221
1185 3693
1144 288
3831 1743
1810 36
262 423
4239 3289
2443 4667
359 1141
3566 3576
2159 1985
4742 1742
2263 3440
990 4107
3661 2511
4002 156
1407 139
1987 1682
1230 4505
3663 4773
2580 1697
3685 999
2625 2392
1985 307
2124 3998
4935 4555
3702 2835
4077 4707
429 4975
3275 3970
628 2805
4468 1557
1862 326
511 78
199 3182
2482 4472
4408 1415
3035 4828
602 2289
1033 2963
3724 162
1825 3224
4480 1059
1208 814
2914 383
4686 1130
734 3936
4676 4387
3280 4282
4116 4469
1076 1137
1882 4725
1770 166
505 4154
3642 2674
950 4815
1783 3617
4573 2550
2319 3032
67 1661
315 4792
1004 3184
3212 134
3010 2480
33 4102
1209 3646
3714 2356
3948 3539
1551 4401
2412 4647
205 1182
3313 4019
453 2599
3114 2917
2781 3875
1254 734
1350 437
3617 2199
1632 4314
1931 4753
1011 4820
2218 2188
2158 68
3609 4452
3680 2330
2151 2378
2201 164
1106 2678
443 4078
1218 2287
3801 2241
3339 1176
2580 597
1887 1522
4668 3173
17 705
862 2013
3850 4783
1930 1457
3162 4393
2829 2326
1454 2110
2104 138
1605 230
273 26
3036 4987
137 4037
236 1246
892 3887
1892 3191
1767 4162
2631 756
4019 3786
1343 4033
1956 1118
2317 2230
4054 3854
2051 4642
2800 234
3549 2883
3505 3697
189 2839
4890 3444
2749 178
4141 1997
2157 4250
4412 4765
382 3197
1466 4885
2663 1215
1669 4055
683 1564
2949 3148
4372 1926
4615 1496
140 4430
2327 2634
451 3986
4133 1265
3503 4184
4408 4099
2428 1359
4756 2085
2110 2054
4174 2820
311 1589
2191 3648
1777 569
4523 1651
3358 464
1970 2735
1412 3904
240 602
2506 875
3929 4580
3154 2521
4728 1495
3292 2233
2872 4366
4758 1793
4492 3420
1601 2501
780 2392
4137 1388
1668 3790
74 4739
4477 3075
1595 3516
2154 2174
4570 2379
947 3519
1735 2912
1051 2206
784 31
4480 423
4090 2345
4294 2411
2597 2814
722 1620
2780 2496
1185 4981
2099 803
102 4903
4711 671
2231 598
4156 626
1826 3101
3398 1961
916 4395
2318 2006
1876 4943
4875 3246
1938 1433
644 4787
1181 360
3638 1963
3985 1729
105 889
4114 3158
2773 2177
1126 2996
1028 17
570 3802
4984 2666
4238 2807
2573 2488
4046 1613
4728 4213
3499 4668
3959 2822
196 3717
85 1737
2246 2753
3786 1538
2948 2328
2006 4185
4005 1811
3096 2718
2776 4345
223 4278
4900 3724
2738 4547
1358 3994
428 1219
2489 2022
4071 754
3137 1862
2864 1454
391 3246
315 3672
2489 4892
3551 2316
733 1784
2390 219
3288 908
2839 2184
1601 4504
974 3588
3056 4523
3057 4508
2390 1984
2758 3014
2721 4410
4694 1704
606 903
1423 3903
318 4895
3334 2515
3220 2663
2440 4858
4415 4983
1406 4080
3585 1243
3751 1085
3413 1763
3852 780
990 2344
2425 1542
217 3413
4853 4485
3573 3432
4165 4876
3357 3783
539 4612
1393 798
1240 454
3328 4053
3039 4070
2289 1791
1630 4343
305 2669
3411 2343
3125 2454
3105 3062
3978 2115
3053 406
1825 1153
555 541
4926 4618
553 4747
1911 282
4960 1640
2179 215
2158 3279
3236 740
311 3836
2799 2200
4396 4377
4421 3032
1353 1860
1299 3286
3815 1166
4132 2235
3189 2317
3686 4283
3486 3475
1566 3847
4806 4932
4071 2608
991 4029
1999 4360
1310 289
2630 3633
272 3879
4046 988
376 298
2928 353
4079 1031
4544 464
3817 728
534 3546
4933 2905
4047 1679
4060 1850
4466 1874
226 792
638 1073
2662 420
3706 778
2019 4483
747 2588
4159 4239
1091 3094
3852 549
4364 2993
3684 4028
1383 4586
79 3804
2560 2868
710 2330
4448 3424
48 1664
3993 793
4783 3047
645 1222
4133 3632
3122 4754
787 4467
4987 4603
796 4693
1894 3632
3524 48
1856 3923
3575 3785
2962 862
1419 4452
299 2773
4491 1999
2725 3816
3417 1391
1843 690
2719 1455
866 407
3901 1510
2484 1379
4905 2367
3282 3933
1200 247
3439 277
123 3614
1707 4765
2717 4457
366 140
3795 1120
1750 4017
2310 1416
2060 4177
5000 4823
4465 2282
1336 3392
4524 1266
2491 2315
1135 1003
3594 4197
2443 2360
965 1872
3641 3495
2061 2652
1531 249
683 3241
4749 792
3084 2767
3415 2195
31 4182
613 1103
3449 4072
3846 3044
3832 1668
1885 2799
1767 4365
2426 1099
1259 1076
2958 3582
748 3641
294 4379
546 1396
4187 2209
2332 131
2010 4101
3726 1255
813 498
3645 3970
1008 3379
2808 538
2118 1418
803 3697
2880 4975
2732 3173
1956 1834
1735 3187
570 2499
2869 3163
3278 4750
4867 705
2642 3974
4947 2554
4130 1130
1258 1270
3784 2598
2440 430
1690 180
4928 4311
4166 171
2546 4178
2322 3724
3416 1470
3077 790
3664 641
2411 2250
1428 4407
2000 4936
1336 4039
888 3254
2178 3013
2295 921
4539 2137
1972 4365
77 2952
395 1824
4345 1660
1314 1993
1274 589
4813 811
1964 1503
4908 3721
4801 2836
453 3470
2332 1080
4624 4649
4245 1131
1605 1124
1468 954
1569 3351
38 3999
2811 2866
834 3057
3875 1993
4859 3865
2507 602
2712 4489
4723 4981
1555 2327
516 1917
4889 4272
2734 2790
3632 452
633 4355
3204 58
555 2555
3412 194
4395 4969
4581 3339
1501 2560
4052 1902
3712 98
1100 251
3552 1352
1602 4503
2907 2502
3788 1938
1467 4098
3070 4456
2934 4415
4718 4721
785 3595
1293 1639
1963 2076
339 2921
4658 646
4042 3922
2928 3899
1316 3747
4945 3935
4635 4420
1675 946
4602 2456
619 922
2058 3604
2687 3130
428 2938
3773 1523
1174 1118
181 4061
1084 621
1176 294
1797 3072
991 1497
3071 1693
2492 262
3285 4793
1021 1209
3433 1052
3852 4798
4744 40
3956 1252
3088 2599
4667 4687
4223 483
4510 2526
2229 1371
4905 700
3359 2775
3153 2890
108 4274
1076 943
4956 2488
1584 1946
4931 3179
1785 204
4713 1310
1246 3783
965 1361
1944 4549
1269 3510
4192 1861
4350 2374
3014 3509
2856 1373
3834 1109
2426 846
4495 3911
931 2828
1818 4246
340 1652
1417 3286
1035 4804
4275 3498
2421 2159
1420 4033
4290 329
2240 888
4083 2596
858 1824
751 1327
3924 3107
4287 159
2170 438
1007 2791
4964 2246
2563 381
1583 4316
2714 2445
2776 3033
22 638
3912 1872
1440 2214
173 3611
3028 2764
194 3881
1583 570
1140 4354
4662 3996
2122 3560
367 804
3382 3926
4867 1728
836 928
3697 2670
3416 4198
3300 4773
882 3863
1033 2300
1732 1006
2602 1887
1495 1166
837 1728
4004 170
4288 1935
3759 269
674 1842
1307 3795
4094 853
1286 2745
4191 3493
1841 2881
1608 3270
4596 3604
4982 2420
3684 4244
1828 3421
2893 4066
4616 4180
3908 4417
1316 501
2678 4924
4847 386
3080 3233
415 294
1269 3732
3853 2258
4679 1096
2248 2185
4414 1833
412 3262
4119 1870
4218 1350
695 3938
999 3303
2096 3665
46 761
2232 3506
36 2718
403 108
4031 819
1368 2411
1892 3191
1173 2123
1327 4262
4260 3229
522 2676
4058 3264
2794 2952
4059 4754
4550 4389
437 1142
448 2119
74 1379
2577 1989
979 287
1882 4967
1 4521
4370 1336
1216 1418
52 320
1111 466
252 3062
2333 1552
3259 4049
4919 1431
1072 3656
762 2530
2411 637
2068 384
4231 4395
1552 2093
567 467
1969 1274
575 163
4062 625
4762 2435
236 882
3724 2605
70 4721
2970 3301
1912 2979
4013 3588
2723 2801
4215 111
4173 1606
3652 2813
4369 175
4118 738
1614 772
1688 4861
2193 2312
1518 1350
3370 1134
3510 4460
1634 4131
2545 511
4123 2249
4739 1787
4805 2803
4332 3872
1136 2442
914 2831
4634 2581
3999 2809
1266 1247
4374 2527
882 3180
2482 2001
4555 2604
3790 1307
3640 4962
1365 1680
2254 4213
552 746
4445 547
1708 3168
1346 249
1038 140
2243 3906
1958 4578
1860 707
2865 810
4221 2389
2664 996
78 952
3559 4280
1933 2616
2193 3152
1684 3720
2827 2580
1466 4209
3210 3944
1770 3212
2378 115
2829 3171
3011 1078
4238 1044
3022 4212
2308 3443
1982 2183
2391 2231
3984 4305
1926 907
1020 4935
4261 1570
2529 1594
43 1431
3077 1752
28 2068
4439 4148
171 1764
2952 1160
2855 2847
3231 4515
1819 4665
3795 1694
3210 1620
2387 1840
4365 264
2744 1050
991 735
1521 548
496 3032
59 3966
1329 4936
4278 1495
85 3847
4677 352
2664 397
1229 900
4643 1554
4462 3222
3049 4915
2936 4787
3901 769
2198 663
4905 1565
2197 999
185 1275
2358 4410
1439 2756
688 2003
4962 4099
3078 1991
3702 4528
3667 1010
3195 1878
3260 4169
4528 2187
2211 3370
3554 2025
609 2756
4740 3624
2388 2226
4953 2835
1010 4233
4260 339
4860 3032
3678 2263
2117 1831
4609 757
4677 1416
4594 4472
3214 2801
3543 610
4925 473
586 2286
1983 3768
674 1317
2567 1339
3655 3172
2123 222
1867 4329
3960 4588
2415 3504
1293 1103
4624 3883
3576 3211
2076 211
463 1052
2308 1953
2542 4735
965 2377
3292 4538
4380 1908
2349 2269
1400 1058
2107 2708
2747 3420
4175 1941
403 1773
3622 2693
4899 4794
2681 2828
564 2243
2193 80
2101 640
4760 2535
509 2422
4128 394
2215 4477
646 2105
4157 3468
3242 4331
1998 4631
1380 4459
2294 4215
4960 53
1741 3793
1400 4377
333 1179
1120 576
4066 4762
3305 2690
111 1060
400 1905
4969 2812
4820 3057
3766 4944
2674 4491
2073 4945
176 176
3102 1795
4785 2397
3504 3085
3728 1001
1965 505
4440 1892
1896 374
608 398
2864 2856
3979 688
667 4950
4476 463
2436 109
1914 283
1490 3971
4449 784
1206 4938
4828 791
456 4066
3685 4558
718 2764
2088 2844
860 4408
3682 2723
4595 1104
348 1484
4603 3170
4137 814
3115 1098
2617 1043
1816 169
651 1384
170 2929
2164 1787
1025 4730
2342 2050
2081 701
158 2208
1724 287
4541 1253
353 4725
4392 1760
4668 288
4494 2484
3074 2094
240 2071
3830 219
3175 2964
3878 3274
1924 2627
2292 4885
1850 4013
1037 3840
3468 1707
3271 361
3603 3370
1880 181
191 3337
3449 4469
1263 4072
1808 2495
4524 1931
1446 1983
4307 4715
619 49
1435 1633
191 3014
3149 2851
62 1715
1713 3864
2510 3593
2108 2610
3155 1746
1244 3309
810 2213
2038 3432
1744 2712
1598 2904
2671 117
4841 2825
3869 400
829 3001
122 4604
4023 3298
1833 3011
579 339
3340 689
1694 321
78 4394
4851 437
971 2946
4652 3276
2871 1177
3503 4436
3113 3007
4363 2752
4832 2960
755 2360
3850 1488
2067 664
892 555
4201 3882
3426 3314
4478 1166
1633 2605
1126 1265
3689 589
4531 2745
1446 1499
4616 760
1793 1590
1292 919
3364 1428
989 4288
1110 493
4116 3601
2553 3662
2253 3210
218 2907
4716 4084
1386 2772
3039 1221
609 4112
556 2446
3027 8
502 745
3740 3434
3366 2040
144 4523
1277 1853
4091 3126
2712 2432
87 465
2843 4974
976 1661
2927 763
1665 3036
1209 1260
3864 4266
408 2547
774 942
4714 3072
1689 3094
3250 4084
267 4226
204 3535
2403 1457
4272 345
1794 3034
2327 1567
3304 497
4913 3614
2272 4059
37 199
4718 2632
688 3093
4902 4165
2796 3308
4874 2216
234 96
4154 195
420 108
1343 2483
2461 3331
3353 4135
247 4733
1563 3681
3649 2647
1151 1170
119 3720
3570 3374
874 3968
3579 892
1467 4317
4708 1163
4098 3539
2210 4545
4342 3640
2368 1412
1206 4044
3407 3461
478 2116
1296 3247
149 4798
1799 72
3733 1461
602 2587
1472 338
3650 854
2459 1277
3037 4031
2898 4566
3070 332
810 3111
3864 2404
4327 828
2027 4134
2567 241
1410 1074
2313 1306
787 229
2035 978
2702 2204
4772 4298
3042 564
2247 563
740 4659
587 155
505 3678
825 1645
615 575
4918 1285
3559 1455
2606 876
1236 1087
1362 40
4295 3585
2676 4465
1273 1520
2478 3763
2111 3232
2282 2992
629 1111
3196 2226
552 2052
4226 4684
461 1508
3766 708
3027 1220
771 1826
4610 1910
2901 2465
4739 1084
4377 4369
4552 3040
3002 169
1783 2718
239 862
3989 4972
4511 811
1310 4125
1756 3245
4251 1099
1282 4987
526 2310
1636 4027
2924 4862
2706 1784
2092 4019
2975 547
3703 446
670 4673
4342 3009
2675 1922
335 3268
4295 1500
1452 4054
1426 1591
2829 1271
3064 1594
1977 4413
1289 2199
1333 296
4157 3797
2038 2513
365 3908
2888 1190
337 4709
83 4858
1052 3328
1386 1175
1116 2230
4897 517
4221 1775
1349 4757
1063 593
862 4045
3650 2470
1356 2769
2139 142
2728 525
885 3135
3666 4636
2206 2211
4445 4590
1860 3541
423 1396
3342 3076
3084 415
1587 4566
2487 1110
3501 4409
3874 3832
4803 3850
4402 3080
2118 1459
1707 4931
605 3592
2965 3151
1232 1621
2194 3012
2243 1598
1772 1006
1014 1649
4134 4980
2577 2317
3452 3159
3600 1637
2931 3861
4072 4184
403 4538
3852 629
513 1403
1659 2670
4356 4528
4295 3188
4708 4614
3700 4881
419 1094
355 4958
4732 3304
3903 1442
886 4377
1069 3999
1518 1258
680 941
770 4405
891 566
2220 3901
3021 1244
1006 3187
401 4275
2220 4731
1243 4723
2508 4858
2962 157
3092 1846
3541 1426
4711 3586
1658 3998
3818 2607
720 4168
2305 1267
4743 1218
2192 4417
893 4500
560 2518
2546 1494
2827 176
2238 4330
1339 1736
950 4047
2877 4357
4519 2394
828 3333
2742 303
1060 3501
1698 1819
1794 4505
939 3625
40 1179
4016 83
3319 4592
826 547
3650 2235
3160 2110
3890 398
1339 1321
2671 2509
2967 2056
1065 1874
3950 3603
1352 4092
3515 3063
441 4419
1113 4560
4374 437
958 1042
2770 3795
1590 3282
4584 2238
1022 4035
1124 3665
807 2803
3420 4752
3386 1323
763 2112
3473 192
213 1337
1025 2935
3221 3075
972 1698
2389 4957
2727 450
4848 4453
4820 1064
2421 184
2038 151
4712 4591
3286 2137
44 1712
452 3725
687 3566
3783 309
4848 2276
4856 2603
2016 4546
3176 2465
2564 2734
4174 4462
3171 1850
2391 585
4644 2941
4762 4813
3612 2131
4979 4435
4424 2102
1820 228
3811 1284
2005 2817
4904 2828
1929 30
860 3711
106 4746
3681 4950
1894 4742
2145 1412
1409 2210
1428 1563
2364 2366
1372 3273
4337 2422
558 1832
1880 61
447 1672
2477 1863
4385 2842
1694 755
2993 2644
3883 611
1052 623
261 139
4491 2295
1547 2720
4468 3198
1200 2056
2586 3219
3610 929
3161 3251
4850 1150
7 4503
2685 1573
4207 1120
967 2900
904 3028
816 234
1926 2547
372 2473
3718 899
859 3119
3504 4879
3167 2066
1079 4223
3717 3933
2609 1768
4352 1006
914 609
489 557
4290 4050
4618 1073
3846 2805
4558 715
1504 805
3645 3260
4162 1316
2783 2048
2658 2932
3075 4586
3145 1394
935 410
1548 304
2765 2960
4499 1812
2175 2830
4974 2028
2931 406
3537 2727
375 3030
116 2233
707 4498
1215 301
456 561
1641 1486
1383 154
2425 4858
17 4256
1486 4926
2639 4281
3232 4746
2325 4823
1769 4101
4310 1000
1330 3574
3049 1376
2590 1488
4132 4608
3583 3190
1757 4388
4024 573
3853 4195
2816 337
3618 3551
1771 2961
2459 4237
173 3492
42 2745
1198 4232
2512 737
511 401
3251 1333
3504 4482
1946 509
1088 351
1247 1273
2149 2528
4770 4126
4788 1213
2911 4357
3009 2242
3686 2196
4095 3867
730 1849
1136 2224
4287 130
2788 465
529 4372
4575 4815
4303 176
2891 2156
2148 3432
1941 3126
4048 3918
322 2900
3722 2917
245 723
4539 2587
3747 4299
53 4484
546 1837
3205 2803
1368 81
504 4799
1915 2381
692 3784
1619 4701
2529 3078
4343 3950
248 4974
332 4843
427 3162
1454 4624
628 442
3302 2549
4269 2734
2623 2285
1681 2771
3930 2506
3563 2122
4796 4699
4003 3474
2747 2254
4346 4227
637 82
648 1926
4090 4424
4551 1010
4733 4595
623 562
3777 22
53 4291
68 427
3821 3260
3077 2793
1394 4010
2342 975
4646 4863
2877 1786
2053 2074
3814 4416
4346 2912
4152 3296
1249 4126
183 1733
508 4499
2816 3536
2646 3075
1431 1300
3352 152
1343 1705
3072 2077
1045 3275
3732 948
639 1401
1338 2117
4141 351
4640 2553
572 1778
3937 634
2227 2123
3101 4148
3345 2320
1685 990
396 2742
2655 2197
3672 1321
2450 1955
3822 3325
666 3644
129 4558
4218 2383
4351 2416
652 2363
3123 4960
3992 1807
4082 3844
4037 4207
4227 990
4892 1826
2695 641
878 2984
921 2178
4226 2766
4141 2787
1523 1357
1405 1239
3318 3770
2553 4995
1228 993
1141 2612
293 342
1567 3657
4990 462
4074 4026
2039 1340
4849 1854
3338 644
3281 1037
3194 1119
1224 413
1278 1307
1323 3279
776 945
3858 3355
2151 2089
4759 1887
2208 3741
2623 3083
3214 3629
4128 850
2614 59
4370 233
3407 2024
2210 229
2630 4376
1181 785
3988 3990
4435 4990
1381 362
3495 2825
2501 3691
497 95
3575 3631
3570 2308
2201 4369
2782 2408
246 2920
503 44
1681 891
2508 2505
1218 425
2103 4201
1104 2450
4152 4406
4818 4801
4217 4709
1264 3644
3451 2763
2260 4407
2269 3380
1468 3282
3806 386
801 4666
1531 3618
305 4396
397 207
4397 2929
230 161
3211 4485
4801 2092
4956 3006
420 2468
1337 4103
1247 3416
4195 977
4318 4232
2235 2081
496 4531
2498 215
2260 3045
3304 3018
2580 1926
3500 1938
1470 133
3232 3750
1430 4949
4411 1769
841 3076
1165 1626
1327 2601
4936 1929
3464 2220
3520 2573
3517 1558
3212 4969
2617 1388
11 3634
995 587
1295 278
1759 1723
287 1204
4642 3868
114 1334
1176 3698
1214 224
943 1293
4959 375
1911 2036
4783 1053
2616 3730
166 894
620 3779
3383 4444
3309 2709
4494 992
3138 1141
336 2782
819 1354
4112 3873
3946 2712
685 3188
295 994
4583 4217
1105 3818
937 1315
784 2316
1068 2459
1557 992
2403 3012
4653 2869
2468 2745
2718 807
3054 2723
3483 2290
1511 1413
836 2204
1409 2229
3880 2585
3390 1394
2756 1179
2865 639
557 827
1643 2149
3760 2431
1643 2006
4421 973
4836 4766
1851 4005
1743 2570
2730 4904
853 4507
2045 3862
4790 1065
4534 2098
3748 1889
883 1453
3219 2625
4555 847
2619 3597
4463 665
3364 4068
1043 4964
2012 1759
290 3937
373 1516
2075 860
2899 4964
3558 2670
36 1049
1296 3281
805 3367
4846 4350
1238 1270
3622 3649
2223 463
2103 125
2554 397
762 1025
624 1799
2871 2878
4527 4468
1616 213
3999 4974
819 1959
4388 3112
510 2343
4098 646
319 4684
1960 934
1733 524
3917 4599
2326 23
4527 2643
73 2777
4877 1053
394 3288
4419 4104
2821 1617
2861 495
3161 1142
2009 219
3141 3211
1075 78
1899 3442
4260 4498
3299 2108
4080 4240
4924 1006
3150 1597
1261 3479
1901 3082
3203 4931
381 822
818 1236
3514 1734
1782 3603
3746 3267
1293 4601
4734 3778
3578 3795
4377 3442
3013 4480
4942 4692
4426 1270
1991 1721
3334 950
1914 4279
631 1145
1636 1847
3475 3965
4379 193
3767 682
1729 4419
1655 2384
905 691
3791 1665
1902 3866
955 3360
1941 1479
1926 4044
261 1474
720 3113
1217 4187
4257 1346
2935 2655
1716 3851
1374 3316
128 3833
2228 4481
3170 1025
3099 3499
4796 3810
4202 462
3640 4004
2893 519
3088 3679
3790 2930
659 2713
2074 3337
3467 1246
3729 2603
1748 904
799 3408
1926 1752
3211 3760
3476 1088
4363 3896
2259 3621
1730 4029
1300 2968
4234 762
2215 1356
2314 3979
2158 3507
665 1693
4852 4848
807 3214
3579 397
1250 4013
642 1959
3449 915
2578 4258
521 63
124 3344
1372 4475
3686 1254
1432 2200
2978 2841
1510 3618
4273 4153
1221 463
4435 3456
3832 4681
2396 908
1479 4232
1824 3136
3225 2470
1259 1953
132 2547
2831 783
603 964
632 4188
703 3639
98 3089
2510 739
4956 1510
3505 2205
131 4416
525 3160
1957 2479
4383 961
2067 2099
52 4317
4343 340
1504 2764
4913 2307
541 4998
1300 3269
982 1558
3620 4877
3385 687
2783 2907
4231 4045
479 4990
503 2853
2787 379
1689 991
2416 2473
4372 3149
573 2641
2858 4203
304 605
2987 635
1636 3332
4694 1472
2161 1954
445 1116
3730 2354
4265 1750
599 809
3907 1627
4539 1287
4943 3195
102 2144
3795 2248
1725 4113
152 3208
2924 2231
3628 4036
1208 2571
2936 832
3151 2020
3526 1496
2003 2362
3507 4263
4783 2512
2207 868
2582 670
859 4201
1168 3083
722 634
4884 2370
2466 4377
360 4969
4948 4231
4326 4185
2003 130
463 4944
4242 2608
2307 2163
4063 4400
2798 478
3492 3953
1123 4232
2263 3162
2717 3581
2786 929
2682 1039
457 4275
1703 4234
376 3162
1564 3349
4740 3100
2520 893
4055 4967
3404 772
1451 1849
2412 205
178 3988
3727 2975
3950 2180
456 3320
4617 3546
3238 1302
4136 4798
585 3299
2111 2425
374 3504
4045 3382
4425 4611
2790 54
807 2613
5 37
3943 3766
708 2258
1806 2188
3523 2221
934 2010
22 4820
527 56
1565 3801
856 3485
670 1976
673 3223
2660 1977
3854 2663
2764 4145
4840 1926
2528 1704
2866 4430
4735 4989
4556 957
531 4344
3368 4240
4780 1084
3789 4381
372 4311
1527 4834
1300 4755
4311 4030
3218 1824
3626 67
553 842
1313 4295
4341 4440
421 197
1572 279
2214 1051
1015 3285
1282 2473
3311 3053
1255 3592
4858 2018
3962 4532
1596 3084
4944 317
1338 1850
1848 2781
2613 1715
4999 3696
326 4409
2275 4693
612 183
171 3774
1412 3638
1523 205
3696 3544
1907 189
58 3978
839 3475
4988 4189
4590 3820
4115 3854
2320 4697
860 65
2775 4202
223 3179
1075 2387
1915 2234
4540 2629
3474 1633
3017 787
3249 4481
3121 581
4497 430
859 3603
3016 4776
3620 3416
2160 890
4827 2560
4938 618
2823 4752
2180 4391
4125 2154
4317 4675
2080 4182
3421 4114
4978 2507
4515 3750
2922 2951
3128 4298
4666 4485
1610 1408
883 1357
1527 1729
4710 58
4075 2525
85 732
3405 2300
4305 4058
4755 2573
3349 161
377 1711
3761 261
375 2948
3349 3622
1931 3175
4324 1375
2695 2308
981 185
2022 2859
3752 2883
1160 1714
1263 313
4347 1842
3075 381
1 3664
2892 1811
920 3694
1569 654
2360 4099
1812 4661
3614 122
1090 764
1974 4367
3115 3362
602 3019
3000 3975
441 271
4304 1526
18 4347
1957 1389
1529 2738
3254 617
4303 193
1894 3280
3513 1279
722 4988
2195 197
4057 3698
1840 1869
1235 410
3829 2474
2797 113
2790 1923
311 4154
3432 1249
4578 525
500 356
3182 3835
3115 4723
2942 3393
121 3472
991 4133
3026 2917
4202 697
360 3132
883 2321
2125 1548
2345 4498
3226 1460
3742 3175
2628 1808
2137 4671
2239 3927
2140 2963
4199 4003
3630 1926
3809 3901
3050 3119
1821 3006
550 799
317 2437
3845 51
1347 3682
2369 2409
226 3821
1437 3269
2057 4574
4221 3363
1767 25
4276 2686
2706 4861
1280 380
1785 1185
3686 2609
164 343
613 4443
1867 75
4037 4422
852 71
922 3236
4176 2865
653 1859
3818 1194
3701 1576
3975 3368
3079 4402
4502 3208
4017 2806
2538 20
1868 4979
3890 3577
982 4773
1791 4445
3260 3017
1215 3727
2508 2926
524 4151
236 1171
4261 3091
1950 156
2721 295
76 3832
4724 1089
161 874
812 1905
989 734
3272 3576
1516 4389
1614 1781
1123 69
2274 209
2802 1121
4477 2919
2125 1152
4264 1340
905 1652
1102 3109
1569 4936
3127 863
2460 3229
4163 1612
4738 1327
1047 2598
3971 4490
3049 4532
1557 2120
3932 4243
2265 3602
4398 3855
953 278
3166 243
2945 3746
998 2867
4543 4932
4474 1767
837 4501
1889 188
1261 1264
2084 1287
2738 2648
166 2335
2786 3031
2469 4456
4300 4838
2536 3754
1581 2648
1766 415
3819 531
2092 4521
4667 2300
2027 2449
911 4341
1575 621
3933 2596
397 746
3903 1334
4842 603
4506 1006
1488 144
460 904
4322 4495
3396 1325
3836 1616
1975 4427
406 2152
3969 1695
3603 2544
3403 1996
1065 3824
2857 3558
609 624
4963 2055
3712 1461
2605 1925
3454 1614
4669 1874
3664 225
3173 2865
4095 4388
2976 4544
213 3391
3040 2733
1714 3598
2990 3606
4138 2770
4782 1135
1559 3053
2081 3025
952 516
4646 937
1776 1404
1948 3060
2512 106
2787 4523
506 4995
3614 1590
2155 757
4300 1909
4548 1256
3207 1717
233 4560
3191 2694
2802 1788
653 3683
1892 1309
1570 467
1791 2572
4713 2641
1850 3466
3557 3643
620 2916
282 4235
1849 1858
4563 1160
1745 2931
1527 2799
4696 306
4615 1401
3048 3622
1825 329
2626 2583
2313 480
4717 4650
1159 351
2383 702
1953 3001
439 1400
2216 3641
3194 558
105 2777
3763 3105
2559 3010
2772 588
4655 2771
2737 4144
4273 3305
4890 4844
3002 4545
193 2467
244 572
211 4063
767 1123
3956 2345
4590 4698
4713 3269
3741 4205
4196 1128
3316 727
833 983
3118 4789
137 1731
2376 72
3746 2804
567 331
3669 2573
2448 1228
4031 4014
3833 3769
1716 4901
4486 3693
3085 4492
3640 2178
4435 1949
1879 4748
4965 451
4426 2173
1042 2548
540 1789
532 3880
2497 357
4039 4876
598 3844
4670 4862
3706 2738
4113 1998
2833 4924
2075 1246
2828 1502
1257 3857
3532 1622
3480 2986
3197 606
3669 3485
4569 1511
3843 323
1811 4593
1233 83
1948 814
31 2558
162 1810
773 556
3713 4745
2570 3789
926 2224
3335 4429
337 4753
4789 3426
2739 809
1703 583
517 2819
2558 4753
4083 2999
2565 614
3741 4702
644 1862
4242 4247
945 2018
4888 2919
3600 4854
1282 2836
2768 1603
1518 420
4489 1085
3749 3287
3174 4874
321 515
2846 4905
3238 1759
2600 3069
1467 4268
522 4066
1947 2717
2452 1014
1467 3864
1933 3766
3522 786
3639 1412
2751 3828
3642 2099
4348 3117
4748 2594
1782 4921
3978 2290
2246 1934
4404 1757
4567 3978
4010 2260
3674 3881
3181 1583
3439 3488
756 2375
2116 2153
1943 4002
873 2001
894 587
857 2288
2794 443
3641 2672
4649 4305
1960 4568
4981 3160
880 2233
730 3635
1652 4401
4356 130
4602 4367
2983 4462
3209 1361
1413 4116
3729 3141
3510 593
4010 339
1525 3232
1358 4329
4813 42
2868 2397
3549 2334
2943 3970
3521 4527
3147 1300
2321 2117
720 889
471 2830
2315 3287
4041 3036
426 902
1161 1058
499 1860
4924 2139
2822 3614
2841 4820
289 4189
1901 4701
4336 360
4891 3042
967 560
1589 4342
2576 1678
3718 1460
3456 302
2005 2194
4790 2098
4766 4562
923 4330
1826 601
3656 2386
4943 4299
4882 1351
51 1057
3395 1360
4104 1222
809 3840
675 906
4449 3373
2121 1293
2420 447
1218 3131
1234 2226
507 1274
4966 3835
585 2740
4561 1090
3166 1042
2686 4026
687 3494
766 3252
215 1162
1073 504
4267 1257
3298 4313
4640 2562
3261 1636
243 459
3711 2124
2485 1107
4502 710
399 4765
3263 864
4709 4080
659 2009
2579 3480
1370 1880
2946 1795
3466 2140
3917 3304
232 4144
2750 654
4971 2472
1364 1578
1808 3894
376 4638
3613 2486
2876 379
2567 683
2383 3587
446 1210
4423 526
1755 3769
15 4174
3009 2192
1588 3348
1905 2744
4906 3148
1993 3239
2251 4437
4429 4600
4560 4888
4176 325
3811 4200
61 829
1179 3117
4052 2611
118 4527
1042 4632
3312 1212
4043 2885
4203 3673
782 1115
491 4569
417 3265
2764 4750
482 3430
2174 2858
3112 2490
2731 566
3714 792
767 1560
1299 2956
3255 192
3878 3321
3226 3129
1936 3322
1264 2241
2596 164
2023 1274
3379 3987
4493 355
2777 735
3464 3273
3175 248
937 3236
455 122
3783 675
882 4571
3102 2521
4117 3369
986 1292
1722 1881
13 1716
1100 1957
3487 4500
2268 4396
3266 1789
209 4106
3537 866
731 2233
206 2441
3847 4237
501 2693
4765 4290
4737 3184
4678 2344
881 2943
3319 171
2172 2226
3162 3808
1932 4040
1977 2620
1518 486
3478 1827
1144 3356
4619 1105
4162 1073
2625 73
2727 526
4296 2380
2147 3701
3298 4367
2685 720
4188 1564
109 2399
619 2534
3920 1128
2101 1432
2475 822
1953 2253
3375 2499
971 4823
1841 436
2097 4996
1022 3876
4631 4484
241 1186
1509 1995
1053 2368
4956 2647
1221 4412
246 2218
1142 633
3771 2283
2438 4226
1879 4648
193 4306
4118 2430
3210 2077
22 4394
4406 3818
4211 2492
3502 4591
4205 3017
4907 436
1593 858
3030 3415
2302 4992
273 2190
635 1177
2915 2515
2221 1205
1105 4967
4495 679
972 2047
4349 951
445 2513
4176 1335
3058 1711
4433 346
4231 2623
3043 4024
4247 4089
878 3388
3059 1434
3020 1682
3360 3145
3969 1674
4966 4651
1835 2364
3230 4390
2684 997
3355 4377
2244 1505
976 1326
1308 49
2197 4336
2567 1754
681 1860
4329 835
1372 4270
3993 320
3462 3311
2820 1071
1186 2172
3923 246
4103 4380
4647 3309
3206 3425
4544 4342
980 128
526 360
2189 2563
3928 102
2594 1
2947 1930
4392 2267
4614 3710
545 1368
2313 2839
1845 4437
3772 1128
2524 2018
90 1032
3648 1999
3471 3370
38 818
3758 3741
4867 4054
932 4329
3942 321
2570 1288
2258 4954
3592 4174
3610 3516
3976 4711
2702 2133
907 4816
714 1891
4429 3382
2188 2173
1896 1551
3808 1325
3007 4437
3290 895
1158 3292
2633 4915
1473 4938
4387 4273
4831 4115
2489 4999
4729 2457
1459 2652
4123 1939
1581 134
1655 2692
1845 320
1700 329
2631 2016
538 1765
4936 2856
1025 4818
741 2714
287 1950
3719 1859
142 804
2944 2333
4040 154
3537 3468
4753 3963
4074 2105
96 1105
3464 321
230 3270
1216 2851
2079 4011
2086 3700
3647 2280
311 4414
600 1653
3952 1522
4777 1085
3461 3401
3080 1864
3617 917
1373 3687
425 3783
651 728
5 1670
4355 2343
1465 4139
2497 4787
3532 4664
743 2646
3537 2568
4295 656
171 4534
1480 3795
1887 3505
2269 366
1361 2902
3871 3878
147 947
4400 4401
2678 791
704 4357
1177 752
1737 3360
4937 1228
4978 3535
1591 25
2322 4271
1225 2697
4168 4981
4102 1310
2771 4414
2095 641
1941 3572
542 4898
2979 969
2285 1748
1415 4542
234 193
2089 3082
3746 724
4713 1352
2989 4454
263 2189
4750 1098
965 2310
1294 3335
4100 3507
4568 2024
2102 3678
4709 4148
4070 3026
296 1346
3442 2912
3606 561
1748 4965
151 598
1919 4908
2392 647
47 4782
4317 1872
3356 2222
4348 2639
4548 127
423 726
3156 798
658 2527
2371 1254
4910 1758
4692 757
4259 373
2293 2259
853 172
4664 2034
4762 3573
639 1406
2534 3928
1235 4855
1733 1796
1394 1736
1241 4429
2029 4941
4940 359
2809 3130
4017 3465
3538 1125
4992 4401
4527 3612
1211 4233
4287 3593
4786 2631
3734 2482
2894 4697
4587 1762
2243 3784
759 1469
4211 2522
1573 3272
4492 1684
1592 3972
1237 1914
3494 224
3755 4849
2858 793
2485 3629
3225 1176
2324 1128
1512 2068
3778 2157
3205 1665
4897 4368
3045 2062
2957 2578
1885 3133
1578 3733
3290 4888
4372 4193
3976 2680
4809 3425
1227 733
628 4629
3507 1345
2414 3022
4314 2231
53 1572
1613 3670
1793 3769
486 407
3206 3028
3070 2620
3827 710
2469 1697
442 4571
2396 3404
4778 4387
3152 1715
3953 2718
1996 2458
4630 3220
329 290
4550 3694
2080 1350
4027 7
362 4250
1472 4341
3089 2987
3416 3609
4355 2836
4276 3112
3185 803
1529 1913
646 2151
3424 4909
3451 2386
2985 3947
2937 2034
1258 3641
3789 4207
2607 3427
409 284
3727 4468
992 4263
3974 3188
2086 423
135 568
3656 4286
2165 1321
2090 4658
661 157
3180 838
2964 36
4432 4037
3735 4982
3406 2583
4044 2896
3418 2094
438 4325
810 3486
1366 3091
2508 609
557 4202
689 2088
424 1097
3325 2306
1567 616
2414 3437
3672 3362
4663 4479
396 3816
2680 3005
2276 4115
1471 4575
3695 2525
374 2705
3098 3538
163 2802
4163 3090
370 4506
4301 1982
4704 2699
1056 2222
2799 1813
2213 2616
2110 1647
2271 2195
4824 4610
3974 3376
903 550
4812 457
4755 1006
4651 3858
3656 3807
4433 1114
4633 3093
2114 711
3201 4941
135 1003
1390 769
175 3792
4327 4566
2921 3963
961 3919
1957 2571
4411 1038
75 1987
3258 1808
2529 1539
3283 1383
4944 4206
4052 305
5000 633
102 1656
2586 3248
1776 4516
3232 2093
2827 2874
2946 2857
3732 312
3465 1366
616 3584
3872 1351
2885 658
4021 3826
3962 1305
4544 4526
765 2106
2877 3468
60 3894
3015 1536
2180 3130
3144 3135
39 1890
1300 2214
1446 4397
3975 1712
4879 4646
1058 4432
3797 2851
3417 2993
1124 4167
2559 858
4907 2155
2749 4930
3905 4625
4257 4436
3273 1638
441 2319
4810 2007
1151 4982
317 1990
213 4477
417 565
4606 1143
2341 720
2909 1141
3866 2032
3334 2963
4799 3665
3532 788
722 4942
4902 1910
2897 1975
538 1179
2396 3076
3911 302
2296 4814
124 1594
759 2745
2127 716
4469 4326
2542 2801
3841 2568
4619 3864
4829 3430
4424 1999
2747 897
1615 2099
3113 2164
1977 3480
3767 2948
2554 1909
2690 777
3179 4822
4909 1645
2951 1328
692 3610
1308 4520
2823 300
2145 387
1623 2417
3127 2220
4991 4276
3582 4156
1240 3807
2723 3999
3279 157
3847 759
1313 2122
812 4585
278 605
1384 2068
4491 209
2144 3034
4892 4874
2333 1150
391 1456
967 4413
4051 4103
545 4997
249 4158
1701 4622
1052 2488
2869 2493
4865 3506
2369 2410
61 2536
449 2977
1872 3681
2335 2227
1995 3970
2454 3107
102 104
3987 706
584 3259
2048 152
2486 241
2022 569
3066 216
2897 1327
619 1471
2244 1928
3706 358
557 2333
4275 1793
3708 2316
3713 1114
60 2113
3050 3446
1602 972
4959 4777
4788 2294
73 2539
3826 1130
1049 2181
502 865
511 1143
2257 3624
2776 571
2738 1535
98 942
2172 2321
876 4426
2044 3664
3150 4148
3839 624
1184 1819
16 2465
1134 272
987 2811
3309 2399
3419 3045
2272 2562
2627 759
2094 3265
2912 3987
3909 2097
760 4454
1992 3112
4112 3897
3206 1730
1500 1278
9 2895
1678 1634
3188 3717
1623 273
355 4918
2817 490
4274 1287
3882 2450
421 1524
2374 2155
2818 4157
3620 56
2010 3361
2503 857
4083 3674
2213 4855
2073 4061
507 4321
550 3110
3330 4351
3728 2852
2842 4963
2682 799
2315 1389
880 7
99 4657
2503 687
787 4644
4067 3406
2696 3893
430 4453
424 2945
141 1136
4461 2211
4189 1185
4046 395
3319 3706
2862 2241
276 4959
2335 4528
4726 477
500 4745
2573 155
2318 1879
3490 3737
2494 3579
18 2039
2975 3399
2728 2272
4814 1194
4573 2620
1796 1424
3875 3618
3801 2647
4003 457
1864 4564
4108 2156
4934 603
2685 4055
4108 1883
4617 4116
2136 1408
2682 1784
1112 1398
2457 87
2635 203
4447 2705
1410 2720
2752 909
2839 4341
1589 803
4353 3861
4692 2697
3468 706
4723 4393
616 2256
348 1970
1741 2384
3388 1338
2504 4881
1901 3019
77 4408
3586 2813
3193 2420
2467 4870
4408 1135
2720 2953
1329 191
1674 2477
3677 4519
3884 2007
1556 1011
4972 2196
3003 2853
971 4652
4094 1676
2328 4086
2942 1132
2870 4324
4118 4563
2234 29
1283 1374
778 4376
2060 2851
1706 613
767 3033
297 4421
1115 475
4374 4465
4437 8
1516 274
2719 3353
4748 1702
4536 4056
776 3500
4884 3119
3294 2830
638 4420
3922 2965
438 1962
3252 4818
4046 464
2175 2104
3236 1619
2366 239
1012 438
1744 3880
4578 4231
3592 48
656 2557
987 1571
2624 3533
1815 2939
4977 416
1210 520
4483 4597
522 3916
4636 1423
4101 3283
1999 1878
1137 103
1613 1165
2330 1412
1196 4942
103 3245
1982 2353
2083 3653
1640 3631
3379 4850
979 2595
4188 2446
2472 1787
4718 2708
3980 2563
2518 107
4314 1083
2960 2673
2120 2150
3033 1091
4486 3988
1175 4446
2780 4646
3425 4643
3304 1643
1895 208
1539 4294
1523 3247
1980 3170
3963 3697
2113 4045
4150 4414
1199 1963
3069 4696
795 178
3227 2839
4839 3328
1516 4050
3968 2900
428 658
1511 3041
1448 2872
3288 2605
2710 2427
426 3520
2943 4727
972 1089
2856 2218
2292 2095
1338 2217
2833 4010
145 3945
1008 1838
106 2859
1283 4611
2287 2525
4042 461
3626 896
269 2875
3094 121
4774 1892
606 3308
2019 581
4027 4471
3418 2806
497 4454
1918 2104
4391 3318
52 2142
4851 3765
4153 1077
95 4690
3879 2768
3018 4341
2770 4871
2577 3929
4931 5
3940 545
4917 343
2464 3954
1471 3020
527 4636
4866 717
1546 4046
2646 4298
3104 3584
4274 4919
1157 4694
3688 3036
2518 199
151 3582
3186 4953
835 4148
1186 542
3836 1706
2337 1055
4225 3726
769 3947
4254 4340
2736 570
3282 1676
4455 1505
4161 1639
4489 2551
2548 4207
199 660
369 104
3200 4513
374 2863
4435 4238
4704 2747
4027 473
1707 454
1860 4351
222 2580
3476 4735
3602 4467
2788 4317
3448 585
3821 1244
4231 3845
3664 571
4513 702
2417 2882
1207 542
1375 3358
2677 2608
44 2065
1674 3221
2978 995
3053 4168
2320 1319
2829 4819
1309 1097
3455 1434
3900 3389
2067 1699
3530 4660
4437 34
4403 3464
4756 4471
1413 1264
1717 2771
606 900
2684 3787
3559 3492
1910 3772
3368 359
3014 624
2114 3722
3627 2718
2879 3601
4106 3166
2300 3446
2165 2041
236 2229
1181 4954
4736 1414
365 1189
527 4177
2517 2362
2331 1158
1944 1613
2974 3025
1835 628
1906 2081
2344 2114
1555 4520
2061 4133
1089 2418
903 1260
241 546
2518 1915
237 1374
417 2925
3488 2088
4997 971
781 177
3108 2746
1105 3761
2370 4291
3182 1813
3254 1666
4259 4337
971 103
2821 1084
4137 1650
3793 2875
2764 1079
876 1304
1556 1075
2108 70
4482 1977
3894 2242
4489 3054
1541 1318
1 1673
4923 564
3793 1152
906 1221
2124 3818
2160 1493
1695 4228
4851 4146
4592 1594
2583 4636
1368 4029
232 2796
2479 641
4795 122
1196 543
2906 665
3524 2219
189 1656
3906 1008
466 2487
1486 2488
3489 1163
4534 3709
565 756
1682 2921
3686 4569
4264 1379
3739 3920
4379 2560
1896 2995
2463 822
1976 1569
4170 1191
4049 1871
1901 1670
4696 1057
2521 1066
1233 4608
4254 2884
4272 1772
3822 4622
1045 1381
2195 3519
4787 432
3274 3983
1160 1804
2318 2983
1082 1143
874 4882
3493 2775
689 500
4096 2544
4441 2464
392 4831
4141 1969
2135 941
2556 1225
4427 2835
1068 3976
3034 3693
1116 2018
2007 1580
3243 4517
3825 3097
2497 3005
1736 588
2050 3012
3634 1727
3113 1118
1488 2119
4551 2809
279 2169
858 2454
4051 3304
710 566
1662 4419
1163 671
263 1429
1927 2344
748 4914
4025 4697
354 2565
824 469
3720 2747
2881 615
2838 3438
1927 2811
3259 4423
1424 821
4862 2940
747 3419
916 4162
2867 542
4327 3866
3943 4191
3440 2557
4656 1459
3869 1863
3531 718
299 4588
1962 891
2435 4631
1453 260
4038 1410
2313 3384
1759 4766
4807 3530
710 826
1467 1374
4966 2590
4740 2454
2957 1731
3486 1098
3533 3060
3161 2592
459 2971
4857 3192
4712 1663
4550 4945
2366 887
2363 4938
797 3265
1737 3498
3660 1996
64 3597
3511 4746
3360 4353
4587 2891
4626 324
1120 1790
2160 389
258 1136
1609 2710
827 1824
3252 1652
2159 4489
1386 4366
4394 611
1647 2624
1133 2133
912 3171
1963 3970
3264 3864
2893 1280
1515 3237
2006 2737
2648 4017
4026 2058
234 469
3161 4632
2651 4856
4726 3065
567 772
2302 2915
2763 4542
4922 272
2887 3510
102 3379
1608 4406
3772 4034
1611 2944
3346 2629
1984 1397
4831 2781
3642 1366
434 4525
261 3960
2003 1505
4398 2415
2320 3297
970 2850
4367 595
3823 3880
325 2584
1738 652
1883 3282
3089 1784
211 1517
4559 4406
4021 1374
643 2950
1358 2781
4108 3913
686 1738
3426 4608
4953 3123
52 3193
3847 3187
1803 1513
3788 4800
821 1344
2124 3241
57 435
3446 3788
4259 1096
3367 2933
3280 728
1865 4726
2191 3132
4156 508
453 775
1263 3033
4999 4620
1114 4373
841 3334
1074 2777
279 3571
2398 3992
1051 2705
2670 4852
3996 4153
3506 4691
1839 425
1997 826
2153 3514
4610 2420
794 4090
3188 3942
693 595
3473 2641
4519 4671
1827 1949
1947 744
1516 799
4503 1851
204 3632
4167 3517
2776 1209
4471 3459
1431 39
1063 4953
3160 2908
762 387
4769 3379
1723 1462
1324 1761
373 3154
436 4997
243 2518
855 4919
4677 1670
3923 2963
603 3381
1831 97
3334 13
2720 2526
230 3270
2818 626
1784 1571
1598 4139
200 3019
4920 2551
486 2198
4734 2557
119 4386
2672 2882
2992 547
3300 2212
1844 2465
2003 4823
3059 3365
198 3611
4189 1025
1624 4847
4387 1340
2847 1055
706 3685
4637 3912
1721 4087
1533 2795
3084 3450
4327 1219
3418 4183
3955 1563
931 1492
4068 4956
3157 2350
3596 2637
2515 930
2047 4807
4295 1175
2009 4280
3041 1424
1570 574
2111 389
698 4518
786 3548
1508 2455
1183 3065
2269 2557
2080 1154
4426 417
2101 3483
2116 430
235 714
2643 1838
3111 3133
4472 855
4683 204
2521 790
1175 699
625 2526
253 4331
1665 4836
2972 2667
2916 1476
4410 721
1225 674
2163 3589
4427 1512
647 2031
655 3661
674 1315
2417 3142
4695 3424
3296 3527
4794 2728
1028 1432
4141 3094
1258 1594
1967 4047
4810 3967
1147 633
4704 3854
2847 4137
4896 1598
1027 3253
1775 949
1564 1090
1493 2504
2010 2136
4407 713
2542 483
1425 4903
3918 3677
671 3774
1547 2810
193 3966
1285 3354
1278 3022
3555 2199
2520 412
4499 314
237 1871
1536 1114
4683 4906
4681 1985
4772 4821
1092 3304
4124 364
2410 2345
1038 3791
1521 964
4584 4553
246 1124
127 3390
2464 3196
2315 4095
1806 1524
567 449
2603 3229
3260 2923
733 560
3655 3431
2426 54
2089 4831
4868 867
2260 4540
4896 4239
375 4173
4420 1578
2091 284
3887 544
4508 2372
3667 4070
1603 1878
2616 2856
994 261
3191 213
4111 3292
1738 4756
3880 1381
2037 3373
4108 1091
1524 23
2076 4332
3527 1725
2878 4406
2925 2073
2405 194
1425 639
580 771
1672 2814
3176 263
4147 2256
1777 3596
2305 2918
2949 984
1183 2532
3811 3672
2790 2553
4120 4303
82 543
4906 2656
1375 4451
2852 1608
2504 879
3751 3843
561 2188
1448 324
2750 3747
4644 2344
4036 840
3310 4734
4080 2312
311 373
2305 4024
4957 1943
3618 1101
4751 3416
1440 3784
1943 3211
865 3935
3980 3121
4301 2168
1903 1190
662 2391
935 3433
2389 1191
4212 1635
658 1230
4986 1678
1599 488
242 2027
612 3819
2683 1703
2409 1035
4382 1417
4758 2425
289 3347
1145 1403
3023 1569
798 2811
4669 4049
1844 1342
916 490
1889 242
4180 2287
694 427
852 379
1196 4404
2987 3508
4455 3591
4320 1633
3214 333
2938 2927
4938 4024
4314 1771
3411 315
238 4525
1093 4666
539 1351
940 2725
238 818
1865 1942
2621 1127
400 4501
3671 3674
4287 1483
2054 4357
4816 2498
1192 1197
1540 573
3638 1665
4859 4533
1537 1981
698 42
394 3390
2721 4368
3873 2842
3097 400
1841 3526
1432 4041
1602 4339
1043 4290
1500 3436
4064 3733
2836 4696
51 3339
4587 1398
1608 4963
4311 3042
2047 840
4808 2788
3652 2431
904 3800
4989 1083
3890 2135
3982 2804
2159 3562
2275 2268
472 2273
4704 4071
399 3138
184 1760
1476 2697
2457 894
1760 3232
2461 3733
3408 1565
4305 2550
1286 3816
2271 3924
415 1592
182 2882
129 824
4060 2600
3117 3572
2882 2542
3357 3213
207 4686
2115 4166
3298 4087
692 1130
3334 1904
4590 379
2652 2758
1997 322
2897 2504
1762 1433
3845 2603
4825 1481
2977 2685
3535 952
4166 3026
3260 4902
785 1034
618 585
235 3002
1351 278
3022 1404
4037 2937
2688 4754
3939 4439
2188 3317
1387 4692
1507 1422
1969 189
257 3188
3593 2364
1600 232
1455 1452
3573 1192
3467 2276
2822 4868
4740 4991
932 918
3626 4745
4370 1256
2773 1429
4557 2569
1932 472
942 1566
2834 4628
2205 1974
782 4685
4692 4227
638 606
4895 4901
3535 448
2116 2837
269 3024
2748 2366
1763 1570
277 691
1311 2168
52 4399
826 993
4939 1360
1573 4267
2435 237
1801 743
225 1250
783 4311
3175 4531
1665 3546
872 2976
3815 3354
1258 309
151 2621
2522 3116
2485 2762
4350 1988
477 974
2623 1890
4744 1291
2585 2930
2214 1857
2486 526
3438 4103
3756 2481
2209 2623
1748 1322
1529 267
4761 4795
2594 1123
2663 1293
4115 4920
4211 2937
744 2486
953 4501
1545 3946
2691 847
906 4341
2915 885
1089 786
3866 2462
2619 3673
897 754
4644 386
4413 4995
3897 2911
2775 2997
1305 4577
1394 3067
247 3334
3043 946
1800 2649
3485 321
1659 3641
3018 2558
3240 478
2766 1151
897 3940
52 2272
1984 4843
4493 4766
125 1569
1773 3677
482 925
982 1876
1696 3652
1601 2688
2399 3976
2435 1042
569 3638
449 417
2822 1943
3955 274
412 2401
4998 952
1681 2524
2013 4675
4622 1889
1467 339
3160 3529
982 3252
3427 618
4133 2615
1789 3141
576 1282
2686 3043
1767 4339
2040 1946
2359 1788
1701 3265
1800 3865
2400 1658
4989 752
612 929
2338 1827
1293 405
2722 4914
2760 4724
761 4749
3889 193
313 2659
1414 4272
1717 2519
3013 166
12 3500
1137 4109
216 3698
1904 3912
1720 3155
75 2194
4003 942
4290 453
3393 2214
2963 929
3337 4376
481 273
4476 3368
3066 2551
2812 2482
535 3581
2179 2794
2545 2942
3830 1837
4365 522
3759 3438
2516 4901
1820 1377
2731 1188
4301 24
2113 3839
3498 2730
3554 999
2560 3810
1799 1310
575 4805
2198 1151
2285 3904
3051 2275
1114 1864
3253 3986
2237 4834
3617 3236
2245 2394
627 362
2094 4985
2062 2028
4041 2002
1022 4535
2524 132
1771 703
2630 500
4835 3262
1118 4995
3897 2688
1749 3681
70 4722
4818 1438
2017 4434
4597 1320
625 4929
1701 4115
1999 3386
4803 4365
706 2254
4496 4723
904 1395
3824 4478
1124 820
3874 2853
