100
100
23 24
12 90
71 8
44 93
7 6
7 85
15 60
28 96
15 26
11 87
52 23
15 85
19 71
2 66
84 65
100 92
79 19
29 74
52 43
10 10
18 100
55 69
40 70
78 18
78 17
87 100
72 62
83 64
82 55
100 63
85 59
67 43
16 37
47 19
38 97
7 8
73 11
31 67
45 58
75 96
71 91
99 49
1 41
3 36
79 18
53 44
37 36
20 29
45 72
34 64
98 2
59 94
64 40
41 5
35 33
58 59
82 10
47 70
66 42
79 24
40 15
89 19
66 37
72 53
50 36
70 48
42 87
4 63
91 14
29 70
28 28
63 36
54 98
6 35
95 59
34 38
14 63
4 51
95 1
45 81
69 14
74 43
6 32
73 53
89 56
9 21
6 9
44 27
45 20
10 96
11 17
84 96
36 30
62 10
76 24
54 95
26 4
73 4
25 13
6 27
