10000
10000
2831 3353
7547 6491
4384 9527
25 1240
9711 6187
2976 744
8528 7530
3989 555
8943 9079
5512 607
8590 3006
9687 542
6307 7384
5264 8508
2524 2377
7049 6720
5839 6844
2853 4874
3851 7164
9015 2778
4397 4745
7250 9040
4494 4345
305 2131
2460 8576
3372 5867
3429 3333
7529 79
1552 4800
5568 9550
7533 906
1892 9112
6270 8382
4719 1875
9987 2279
1567 849
7389 1743
2363 1633
9143 7955
1087 7690
3147 7730
1720 618
9182 4844
6392 2904
3954 2103
4828 6146
6315 4355
4836 4650
8410 8648
3379 1530
6931 4962
7114 4914
3999 8429
532 4891
9187 8062
8770 2209
1821 4781
7362 2712
4856 4739
3792 4124
8748 7943
19 9178
2781 600
4358 1467
7120 9182
8029 3875
2357 1008
1406 5037
9448 8122
4966 4601
3860 9983
1050 7361
9735 4983
2553 1746
1655 5932
3286 3446
6317 6317
2580 8724
4293 7383
3935 7408
9818 8196
1982 2515
3873 704
3019 8696
6536 8739
6516 266
2901 474
1332 9592
9718 9227
2138 4632
8670 3274
2710 2898
645 323
6503 3893
5315 5715
8189 8216
1107 6344
2726 8124
8878 5422
347 1055
4832 277
8788 6569
379 8927
559 503
8826 1845
337 7657
6206 8019
206 6514
8594 5391
1291 4642
1198 3736
55 5923
9634 2546
1216 9743
2815 2631
8322 8102
241 4805
2351 5751
6905 6671
3481 3037
7737 2063
5887 562
8081 392
3782 5899
4690 8180
8751 4995
4887 2978
4670 1406
6280 8655
3590 8657
4893 8245
9503 3037
9690 2539
341 4566
9536 4258
642 6465
4699 7406
3056 4445
8987 9123
9962 5963
162 9917
1177 769
9471 6886
6440 7626
4257 1599
2548 6501
6443 6974
9473 3902
3167 4088
6755 8865
8850 5102
823 2714
4282 5018
1563 3561
1688 5966
8819 5574
8798 6036
6755 9003
692 3660
1537 4896
1973 8051
4548 9823
1134 933
9889 7498
2928 8646
2702 2706
4457 7285
9628 9521
1189 1543
2843 7926
2139 9189
6610 8430
2887 8416
5721 1534
9249 4933
4963 9732
2756 6637
8391 3631
945 5821
3390 6332
8456 5163
9462 5781
6005 8301
9975 3432
5002 5294
9547 265
1197 2144
4869 280
6613 3401
5790 6284
3298 2436
2886 1043
4471 5794
928 2296
5554 7970
3164 951
5552 5871
9304 4272
6193 17
3049 8001
6783 2200
7103 9377
7615 1879
6865 8201
8836 4490
2420 5700
5633 3353
8301 6821
5223 6957
3931 1674
9979 5873
4250 4822
8015 1048
8452 2403
1018 8712
919 2913
3280 2180
3131 4860
7062 8486
1620 5200
7910 8219
7780 1086
5314 2655
6346 7887
8075 4102
866 4546
570 1728
7097 8004
7934 8777
9617 7158
1837 6239
7976 6635
4723 9964
9481 7841
8539 8524
4098 5256
3238 2167
8219 9921
6980 6795
6701 561
8198 598
4077 7214
4638 4877
942 7064
9400 9471
1805 9901
8392 7172
2650 5468
6730 4164
5445 4837
3796 8708
4444 8890
4255 5591
9072 252
8252 9566
3702 9829
7190 8392
5531 571
7940 3813
6458 542
838 7111
5948 1870
9738 3736
250 2750
7307 6426
5130 2617
2541 1272
4373 8166
9097 3883
1392 7450
6118 2435
2546 5259
788 5478
2457 9806
6591 9229
930 3392
2870 84
2505 8277
3512 2317
1109 3686
6238 8198
5300 2313
6378 6087
7207 1902
887 4504
8533 4580
683 1059
2388 7743
5598 4673
8357 2510
3613 7120
9937 1002
5652 4323
4527 2904
6584 8539
9650 1587
6948 7655
5783 6984
3656 8162
181 8309
5118 5495
5472 468
5580 6493
7313 6140
6516 2813
8979 530
1399 9069
7599 9953
329 8128
7509 9249
7697 7977
7636 600
4861 4347
809 4771
4705 8305
744 4494
3859 2809
7849 3247
9524 487
22 6983
3925 2243
1809 4407
685 2234
8890 3004
247 5177
4476 459
426 6615
9010 7385
5417 8366
8694 2509
9003 6911
999 5443
3320 9747
1528 8635
7638 8471
8465 6680
7471 1175
4484 7299
819 4754
5218 5189
3488 4070
2440 6266
3989 8190
3187 7876
2700 1238
1146 9207
9897 3613
6869 8061
2211 1930
9943 3837
8682 8711
7278 8956
1323 4047
8851 8275
8151 9587
2644 3160
6488 6270
3714 4135
3279 8020
8451 639
2067 760
2875 2041
2258 136
1869 2080
7423 6650
4521 2784
6695 7221
8151 4655
7173 6742
4595 1712
4893 946
6096 9768
3091 2522
2208 7647
238 5643
7096 4012
7229 6813
3962 5722
8905 4211
7282 1200
6430 5027
4050 1974
5825 9982
4326 2370
2134 9967
25 1584
2449 6164
1353 690
5823 9585
3598 6457
3267 6812
7894 9387
2792 6167
2797 8824
3014 6542
2327 169
916 6568
2303 1172
5617 3580
6375 5638
3110 1507
5164 5640
2110 1016
9721 108
62 6412
4114 1161
4371 4746
1196 9896
6896 8233
1789 2549
9310 4208
3390 1886
7734 146
8989 963
3731 2778
436 2836
2833 2958
8445 1141
6878 2467
4305 1062
9045 5969
3516 5888
4241 6848
6765 3372
916 8868
5778 5003
2620 6930
5183 8819
119 8899
782 5086
1611 4008
7259 177
4608 5570
5718 6208
4159 1678
9286 5112
1101 14
8138 9502
2417 1968
9925 9703
1086 9835
4279 7815
9071 4498
2196 9406
5796 1507
3825 6520
2902 2553
256 8176
6698 7000
5941 1406
8181 9623
2226 4799
7415 1329
7753 3297
6487 7671
9546 8660
6583 7491
2153 5932
8053 3503
456 8972
7088 96
889 8110
3082 4397
9270 1978
5381 652
9810 960
4040 8926
847 7885
3844 6308
6893 2004
8932 82
4612 3226
23 1070
8552 1571
2009 3806
3555 1220
2424 6732
7130 3507
5177 4210
1990 9439
3476 6105
9086 7496
4650 1774
3102 3448
8625 3161
8300 1519
8401 4670
8268 3933
3678 7013
6617 4848
9364 7298
992 2878
3321 5476
1406 5399
3033 1992
7180 8875
8526 2463
9141 2057
8074 3930
4007 4901
3469 5735
2389 9698
3784 559
1356 3904
8092 9497
1417 2539
6214 5905
1535 1628
3830 2626
1240 8768
1735 358
6518 2403
5272 7660
7440 1967
5756 8600
4583 3059
6749 941
4311 8494
9353 3611
3212 1346
7643 9012
3688 8348
1870 9660
7481 4188
420 3186
928 706
6067 1287
4255 4784
7224 6320
1627 8201
7851 1108
4336 4944
11 5343
8832 8938
2329 1401
6628 6050
9274 1859
9513 8020
2148 9276
1019 3176
4875 7681
1263 841
5640 243
5068 5401
3812 3391
8382 3826
1368 7066
8205 1978
8248 8297
8707 5116
7549 2345
1911 7797
9896 9670
8474 9146
4756 2916
4688 3616
1111 5599
6052 6966
2636 4967
899 8720
5318 1493
5721 2751
6505 4560
8181 1066
7394 7221
911 9026
2956 3743
3387 2289
992 2499
1148 3957
3100 7671
5158 7518
9953 3713
8026 6474
1785 6915
7887 2676
1827 5086
6380 3641
8113 2328
8917 8817
7557 5942
9187 1596
3807 7270
8958 4690
13 2185
370 1275
8580 2846
2816 6349
396 8431
8219 3310
277 8901
8169 6568
3389 8591
6776 7333
9658 5624
3805 6065
5695 5369
821 9926
7736 5223
5021 5670
3525 4963
6351 3531
6309 2365
6190 20
5063 7726
944 1073
4642 7515
5822 1963
4209 8979
3240 1692
7710 8750
45 7520
9827 6626
5817 5394
9292 2805
6304 7921
4597 1238
101 3449
9705 6312
8056 6438
690 803
4604 9740
1648 504
8975 2354
8867 7006
12 8297
3548 9838
4966 4451
2736 5465
7133 4240
6429 5205
36 9067
587 7903
803 1354
8555 89
27 7718
8120 3443
3799 4566
3002 2471
7319 9150
1919 5384
2044 4333
8797 2283
9258 4188
5083 2678
1951 6800
7262 8431
8706 7575
689 5903
9992 3279
6530 9278
8433 8023
905 7551
5550 9696
356 803
4236 3896
7704 911
57 6186
1420 5925
2424 3628
4929 6
1248 5058
3524 9657
6527 7239
3933 5090
53 6615
66 7705
5144 8659
6611 2121
7007 7433
5708 1819
1448 9644
4154 5255
8473 1176
4857 6244
5674 5386
5871 5715
3662 8485
2657 1088
155 2669
7880 4805
7996 254
9804 8238
794 9828
4644 1683
8219 2711
8214 5771
2248 8200
5231 2423
5655 7684
9117 119
5462 1015
8988 9583
3912 698
2482 9372
7894 3374
3301 4480
4334 9897
8287 3998
9410 8834
7453 1565
4808 220
9394 1521
3241 4832
8045 7638
8800 6046
3035 9705
4223 4828
274 3182
1187 3226
2100 5520
2615 5225
4096 8461
3443 2834
1339 4373
1750 4516
7603 7708
4154 3220
4095 1415
3895 5848
1268 1972
371 3975
3730 4539
5602 5903
6664 399
1429 8057
7995 9639
5983 1241
9234 8988
4590 1546
8268 7048
5686 4150
8082 7746
9840 8209
600 6643
9112 1673
1578 7239
6091 6964
4207 7391
1710 4950
6860 7799
1821 3511
1319 5934
7784 2713
8823 5917
5474 7606
779 8842
4204 5701
4096 3452
5905 9027
4801 6905
1444 8236
6779 5446
6213 7954
7693 6019
5292 1993
9270 6980
3865 6970
4097 7476
3534 8979
3138 5770
8659 2132
9488 2874
1740 4644
6808 5248
4021 4916
5725 3201
4198 6039
2607 1852
7723 5592
2835 8406
2162 2334
9760 5676
6704 7324
2462 7902
7059 5776
1904 4691
346 5493
2516 2375
5655 3163
4938 451
2038 8085
9219 6049
8223 6229
3206 5590
8040 7872
2359 9134
7175 7994
1956 8527
5257 2927
4337 292
8858 4296
8193 3932
1433 167
1222 3324
5303 8623
3793 2531
1244 9386
1609 7668
296 5301
9791 3847
3799 4887
1786 3784
7242 5821
2129 234
2608 7372
2744 7598
4616 2827
5734 4944
7130 2849
9318 3902
588 2580
5660 1824
3966 5525
7175 3243
5436 7641
9561 8207
6710 4284
6341 3100
5884 6819
5177 4389
1327 7867
162 2648
2782 5307
1062 6766
1597 2443
8019 2592
9984 5918
3538 7450
1145 5198
4250 2616
4136 4725
8714 8774
9617 1236
5782 706
8138 5316
1112 5563
9451 9237
181 4719
1296 5419
7634 8884
8632 5228
4835 8928
8220 895
9554 107
390 9946
9125 1943
3307 8913
6296 5758
9861 8353
7006 1425
5579 2425
8603 8164
4152 6244
6150 5952
1729 7559
5629 4704
5671 7703
2625 3815
3607 5076
7394 9476
9500 7685
2601 9933
8741 5353
507 2800
6411 283
5694 7911
3922 8849
250 4439
4622 1564
6608 6016
668 6827
267 9964
1361 2281
7 1004
3558 7870
1587 6899
3051 5995
4342 7660
1943 170
105 892
7526 3467
7489 4906
5322 9401
9548 9156
56 9041
1202 9999
8218 6974
2724 6897
7124 1499
1941 698
4502 5478
7731 399
8536 4515
7302 4364
1271 6731
6022 4513
1337 9557
6879 832
4771 6143
5406 2332
3717 2631
7543 2306
7702 482
3886 7892
9746 7218
5766 7478
7811 3691
2533 3151
459 6508
5199 5838
6991 2469
1023 7018
2172 6023
3893 7799
8935 5383
8686 2579
4057 4890
468 5923
4293 9561
3730 1071
5724 7825
9506 6287
7085 9939
2544 8821
2739 2249
9764 283
7883 6567
4037 5247
410 2107
7562 3719
1769 1513
554 8502
668 3523
5155 1801
1089 5176
2219 1474
3569 8650
1191 350
9310 8790
576 4712
5941 638
9022 2390
4610 5560
5035 249
1191 6865
6312 488
3260 9938
5269 7302
921 3397
9176 8228
9133 114
1517 7199
5200 7088
4870 7988
83 3124
2061 1537
4461 2184
8845 5179
4737 8158
6421 7878
6058 5099
9124 4017
3177 8845
6889 4898
341 3512
3469 1689
9586 7513
5581 5169
8850 7347
9526 743
7963 910
3300 655
3180 2908
8540 5959
8854 3021
9467 3206
4747 5646
2361 6028
7037 5733
7465 711
9484 6595
4017 5254
2898 4022
2307 7124
6713 2891
3365 2340
3978 3047
6080 4369
1253 9244
6453 5355
952 3510
9274 3420
2717 927
7224 5583
2606 117
865 1379
2201 8691
4426 2775
344 8315
533 5880
6552 6996
9503 7621
9904 9740
6316 1419
4120 9683
2268 6428
4100 8786
4588 72
9427 4698
7087 5828
6881 3891
5657 9151
5579 808
7154 9367
5515 8399
8400 6406
190 4891
1107 7254
3946 6021
9637 8030
6246 4544
4361 9114
148 9675
4808 3082
2653 1797
1650 2807
188 3272
3052 40
6638 1781
2454 6710
7140 4522
4932 4361
4881 6235
3293 947
2402 1219
2574 7899
1332 8096
9598 3184
3830 6300
308 3475
8099 9088
5328 4165
2425 6171
9494 232
1443 5414
7210 8497
1247 6106
6682 535
6624 8054
2671 9268
5562 817
7747 251
4335 6376
5084 2876
7036 3311
42 304
3690 4306
6262 7123
1957 1253
4271 4912
8658 5782
751 1855
3858 146
5599 1375
4870 6309
5531 8659
3235 6181
8715 9989
9503 3793
2090 910
9914 2388
4645 7932
1953 3123
4615 8384
9593 7824
1330 9298
9554 5831
6941 6869
3141 8398
670 9388
6932 1708
1679 8962
3019 1968
9355 5378
5606 8652
3429 5519
3223 8445
717 924
1743 4133
8559 2797
5966 4688
1507 3245
2024 2524
2189 3024
4418 8140
4912 2874
5160 7266
3627 248
4625 9649
5810 2329
2239 7061
5199 3417
6909 2770
8618 10000
4564 8879
2678 2928
9224 7184
9017 4679
142 3910
4251 9426
7195 4746
8263 551
5635 1121
8654 4637
219 5838
6739 2645
9740 4726
9376 9756
8544 4079
9663 2402
7721 8160
5567 4144
4654 3343
5415 9175
4253 3280
9839 1248
2087 6018
5629 9468
5183 6193
6939 1763
333 9101
9239 6057
7107 2000
1888 7720
1448 1034
2902 6757
226 6938
4595 8598
5303 1233
6949 7453
3540 3113
4403 3767
6666 7586
1079 625
347 806
2598 9212
2331 5469
6595 3308
400 5007
7823 7134
6794 801
7425 4783
9127 4570
8874 9054
9210 5608
5121 2886
8323 7411
4444 1811
963 6645
8024 7467
2395 1786
282 483
3480 1291
8166 350
5882 2816
478 4036
7484 4117
603 786
3307 416
4068 4661
8279 5297
9786 3769
4543 1164
7516 2899
3032 8468
1438 4468
6221 3044
5294 6627
2724 6951
3757 6462
1885 5571
5227 5011
6193 761
3736 1266
7860 8998
4329 7567
2496 2835
2753 2337
8446 9059
82 5803
6560 9042
9797 3119
4705 2492
891 1220
6159 6729
825 4941
7070 3396
6122 5835
6142 6813
81 6016
8544 7072
5278 2521
3272 9740
7514 7832
6535 2171
8616 5852
1802 320
4624 5100
7718 4434
1400 8174
3959 467
7385 6014
8438 2036
6505 8677
2041 6419
4900 4119
4091 9500
188 3770
5599 5313
9956 5488
5349 4343
9725 3992
9540 2944
7221 7562
1711 3738
4312 9375
7759 8987
6680 840
8852 8489
266 567
4593 7336
3415 4265
1656 8029
1091 1394
227 5191
826 8292
4161 9621
2619 3143
7367 3825
6145 7148
7347 782
2193 9020
104 6110
7744 7356
7167 2215
5144 6141
4017 8610
8422 6284
8173 6631
1118 9244
689 3027
8037 8039
2960 7332
2516 2949
5470 1445
2290 9921
247 3510
7095 6603
5597 9945
675 3322
493 4671
4479 9730
9298 885
9099 1594
5600 213
4700 3855
6196 7828
1184 4923
4778 5732
3813 2503
605 4375
6890 261
9312 7485
679 278
664 3536
2622 3076
8633 2747
39 838
6204 2010
58 8431
1283 3145
1442 7690
2773 3432
3491 3069
4327 8278
276 6893
1885 9621
7242 8367
6269 4139
5865 2820
5245 3246
3540 6360
5066 7224
6550 8348
1167 4424
6238 663
8593 9586
2397 5253
6057 1258
1039 6054
4474 3031
1135 7755
869 6583
7611 2828
2196 2806
8594 9147
834 7240
9146 23
4107 8870
1921 2022
1189 2108
1654 7807
6261 8508
7668 4784
3335 4382
7829 8633
6734 2615
374 6932
2054 6284
7744 3030
3253 5316
3641 1823
2254 9310
8361 3466
2194 9486
6382 3071
984 4742
8835 6431
6787 5726
1735 8311
8605 439
9635 4593
5474 5997
6590 5018
5444 5105
8518 5000
1897 1203
1093 8
6406 9726
9058 5843
6385 6833
8498 5592
4825 9230
9839 8309
4639 9332
1713 5351
6200 1441
7539 6705
8361 8577
7927 3840
4308 7152
7402 3211
2106 8547
2551 1126
7498 4495
5686 1268
2384 9038
4007 615
3752 1068
7486 7919
9136 9460
8834 5849
575 3962
990 547
3587 6728
4041 7153
1479 4664
5389 9132
395 9053
5716 1209
8265 1851
8349 2110
582 4790
4989 1684
2266 6110
5961 7927
8859 5193
4756 2069
4144 2612
2533 7598
7822 3447
9167 5030
2883 6775
581 3228
4969 5820
6575 9215
8494 7523
9549 887
3435 949
8147 3027
2171 8223
2259 9727
8201 418
6271 7498
1592 4919
9949 8605
5318 749
2259 5555
1272 9575
6232 5157
8523 35
2540 8561
6763 4555
2116 409
2565 2547
7252 464
7839 7121
7649 5686
1153 5078
4848 299
9085 5237
2424 9566
8662 4646
6218 2394
4848 7169
4870 2187
6276 1471
251 9458
8788 1847
9579 2909
1110 9110
348 3991
7054 6189
2385 3773
4123 9111
6431 858
4039 1143
179 2209
5410 8197
2564 2505
5841 2251
9104 7197
1813 4001
4007 954
5015 322
1314 530
502 4842
1619 2786
8566 7488
3677 707
100 1855
6858 1823
8513 5158
836 1757
5902 9980
7842 9357
8850 2425
5025 4848
9404 327
3602 3921
9270 2655
2316 9731
4881 5484
9423 117
4923 5492
443 7056
9123 9826
2081 5597
1519 2288
972 7474
94 8940
3224 5282
9314 3776
2609 7663
2644 1437
5347 1681
2471 7799
4563 4786
5567 1555
1926 5663
6657 9785
1465 8895
1325 1145
8573 9482
6260 2431
3384 6278
9238 3584
4155 5798
6085 8145
4889 5182
4701 229
9173 1972
5872 1301
6883 6337
3424 874
6133 4556
6524 269
9104 8481
1747 7010
1614 9765
1506 7486
8227 8238
8205 3004
5968 4962
1599 7379
7980 8726
6782 1881
4903 3059
9894 4678
3057 6724
4247 4331
2101 9570
4151 4278
2976 2592
4654 7707
6439 1028
9253 3600
6707 3981
6106 1168
9104 2704
6926 2535
5767 8062
9217 2495
8515 7643
5648 3504
8406 7168
3317 112
1129 7887
4890 5735
7883 1966
5018 28
4518 5561
6849 2087
147 5928
9582 3784
225 7688
274 2347
4894 8966
3508 2292
8574 2635
9626 2772
9324 7466
8757 5966
9124 7023
5711 3661
6214 814
8401 9588
7064 3798
6049 7911
1137 8600
7696 6089
4956 4626
6483 4300
3258 8914
5937 2358
6961 3774
5935 3850
9443 2450
3517 3330
1646 7136
7562 7479
3882 122
3368 5092
1140 7529
4557 7031
2546 6185
6442 9340
678 5426
9280 8793
1814 4151
9706 854
9804 9615
9424 2230
5020 9378
7086 6767
4205 51
6133 9886
1556 7619
2139 5326
5864 6023
5474 5530
5751 8957
2630 3480
7430 5755
8510 2663
2522 1962
269 5513
9576 5252
570 1717
6082 2393
2084 1022
7635 9233
9742 4494
5453 4573
7773 9151
9998 4391
5395 9606
9116 3918
5676 9782
62 8363
6596 5175
3581 64
6571 3307
5328 9389
7674 6164
5943 3842
9574 1500
5602 5036
5932 5284
9695 31
7740 6355
6127 3839
6786 5159
7106 7703
9216 52
3364 917
3731 2640
8545 2240
1044 3758
934 7925
5932 6504
7889 6585
3650 6871
8599 8283
3479 822
253 8345
9827 6846
9548 4457
8472 408
359 5924
6832 6868
8482 541
9257 9203
3348 3002
5320 1276
6316 6742
82 5029
9640 8847
8936 314
626 1768
8486 392
991 5774
2040 2644
9210 6649
7870 3437
1213 1547
6078 3509
3003 7209
1122 7580
6560 452
2894 9016
1234 4386
9610 5778
1944 1498
9188 3090
2121 2682
1914 9580
681 6656
9412 2231
6933 1178
8221 8996
6679 5156
305 1220
3854 6564
4607 4411
93 5428
4770 3193
9679 8416
7548 1596
756 5399
2754 7520
3343 6295
991 71
3438 3557
5618 2748
6598 300
8730 5875
4216 5858
5063 9472
824 6659
6539 6292
6354 7072
3772 3732
493 4662
6014 7994
2953 3396
5935 8015
213 2857
3898 9140
5520 3734
4552 6524
8950 564
3688 476
9896 7423
9398 5366
8226 9138
5455 2289
2734 9194
9066 5548
6412 1618
319 5910
8382 1957
8651 2262
4085 1936
8435 6073
4844 8566
8877 1264
1883 3618
5853 6408
6634 3280
8360 1813
1232 1791
2952 5131
1485 2746
4350 2455
8199 6594
2245 4423
6621 2730
5899 4595
6455 9880
3618 9933
529 856
5676 5346
8908 7211
3390 7210
183 9776
1976 4483
6830 7321
226 6393
9530 7095
1998 6264
2434 1916
2296 2088
5666 9147
4005 7209
1097 7353
5325 5234
9164 2243
4323 2224
9982 9026
2013 2991
6692 8236
3658 7867
6209 9691
2926 3878
7543 2206
4546 2837
521 8121
1356 3933
3707 7783
6270 7193
5346 9130
7846 5346
8880 5978
2457 9196
4083 7938
3128 4900
7190 2437
6814 7126
7324 8354
5468 1231
6424 1997
7607 1637
7594 7168
4305 7705
8726 2196
4568 9774
2672 1230
8198 6413
8087 9021
9471 525
5473 1723
1508 3124
7375 5260
748 5577
4587 5634
2266 1809
3868 6734
6487 2092
6222 5163
7755 8930
7607 3325
9247 9242
8064 9825
9456 4077
3444 865
2981 4184
4672 966
565 8304
2732 7211
9148 3995
892 221
371 6294
5726 1346
5676 8026
4430 5258
2146 6574
9801 2390
5767 9557
4179 6309
8946 4091
4863 2880
4670 6772
2048 8535
6232 2516
3816 1919
771 4113
6364 9776
5292 1931
7013 4090
5158 8989
1922 7579
7335 7699
1369 335
9272 2504
2335 7730
4151 2165
4344 5293
6460 7863
4947 5244
1429 1451
2923 7855
1134 2673
835 7137
4469 4531
7379 3481
5965 3083
7767 2454
4260 4344
5051 8478
1547 1879
4396 7821
2216 4960
3655 4596
1565 9917
3606 4561
4181 9851
2606 3127
9657 3075
2351 7575
981 6919
6343 3423
5864 1601
1122 9204
6783 1527
4457 373
1743 4318
8213 8075
2455 3719
8328 2149
3968 3682
3558 6834
8820 3786
1539 5444
6276 3987
2013 6730
6154 7128
7102 3495
6606 6002
303 1162
6645 3014
7805 994
9206 4808
5963 4854
3796 6073
5651 8735
9845 6110
3005 9863
4580 3441
2371 9269
1362 3621
3629 3299
2959 7704
127 3408
5254 3785
3923 4031
2073 7600
2749 1801
696 5750
3418 3217
9642 1104
2763 2968
6115 4577
7717 7011
8470 1483
8820 2516
888 1560
2952 8466
8964 8187
4679 6507
3430 2041
478 3831
1837 5654
935 6159
3299 6611
565 9464
6952 2501
8996 3838
4675 5331
7184 3520
6969 887
9628 7775
8592 1683
4374 2694
3685 4070
6551 3191
2584 3574
3257 2396
8786 8493
1431 6525
4190 3593
5552 9085
6030 885
9159 8160
4779 1272
5588 6964
2235 9204
9321 4245
5819 9024
988 8009
1890 9302
6293 3581
5152 6789
3699 5027
3518 8534
9092 1141
6008 8404
540 3365
2346 5914
6426 7201
817 5479
6133 2216
8874 6825
3304 4807
5938 239
4413 1741
531 565
2142 9106
2083 1553
3990 8137
2982 4739
7713 9913
6739 9842
3149 5741
7273 9140
5032 4990
6425 5901
8113 8154
3244 9604
8024 1033
6163 3420
4424 9156
4412 2589
5567 4231
7181 7980
3364 4589
2094 5564
4456 6588
2587 7262
8415 4104
9746 4060
7382 9611
102 2905
5389 1120
6358 8667
7735 166
1724 8516
3542 6743
7374 1701
6149 7714
2970 5769
7784 47
3602 4672
6242 6123
4577 8555
9569 4234
9617 3159
7448 8211
3273 8579
9302 1025
6177 260
4268 6325
2340 4592
3209 6243
5897 3711
8173 8400
3689 9533
9369 8300
4342 9591
7025 6153
3585 9023
5595 3073
2030 7819
3073 2678
9311 1713
9298 7722
6529 2025
3515 3496
2543 8695
8955 2442
3339 7133
2066 5246
5699 217
592 7071
6857 562
1640 2873
1900 1999
9730 8541
381 1181
3953 4074
2037 5224
5496 9842
5004 7167
4406 2775
3426 2521
7880 3352
7412 196
8992 1567
8969 971
1874 1729
9245 189
6920 9168
133 9525
2387 3679
434 1797
7919 7784
5379 5330
6789 483
8830 9778
4230 5663
5924 5039
4918 9216
7022 2383
2783 8709
735 4950
7114 3748
9957 8012
9223 6890
6948 774
6324 6995
6198 5677
7776 1701
7123 7613
2470 5053
4794 2721
599 5527
4069 3046
1554 3415
2523 5914
6439 2912
564 8034
4214 1002
3689 8898
5695 324
1070 803
4906 7030
7932 4761
9163 4520
9083 4270
9835 2673
2962 8819
3164 5595
3192 1355
9577 4262
5883 1394
4576 9753
9080 6977
4435 992
8529 4641
2949 4035
4926 5169
7721 5497
6016 3196
6405 384
6993 5704
5489 2427
5948 1271
8550 9822
8657 4851
2080 316
8557 2036
6615 1916
3349 5372
3902 2567
3115 7015
4111 3793
1137 1123
1775 7510
1093 2393
6780 9311
7421 7702
9576 2375
3551 9056
9597 2489
9869 1580
8577 376
747 958
263 5731
9158 8216
5029 4288
8331 1442
6711 5377
3938 7318
1590 5478
3157 6176
5943 2019
4737 2098
9783 2672
6587 4647
2138 5442
2427 8989
3994 6052
6477 5695
3067 4474
4204 2587
7403 5458
1411 1352
6795 5033
2869 7983
2330 9194
9895 8534
6502 4086
9088 314
1022 5936
9372 751
2009 2405
7072 7927
4594 1339
644 1809
1533 8307
4205 1851
2710 6356
5350 7507
8417 1168
6571 3464
3071 6931
9707 9579
3509 7712
2999 1404
5995 4204
371 2554
1690 7894
514 660
9584 4270
6925 6391
5599 9620
7548 8061
4106 3097
2206 593
3836 7874
4669 171
9988 7053
1732 7924
113 2384
5050 7971
7127 7792
442 9463
252 9844
8402 6505
3652 4987
2693 2738
5690 5176
9787 6473
7786 2655
6882 2021
4117 9112
3432 9008
2733 5839
8814 7017
634 3343
4966 7870
3042 1720
4848 5620
9749 3941
8108 1666
3603 3764
223 8005
5392 1554
2220 4257
6510 6040
2039 7751
473 7372
7875 7486
140 6407
3701 9646
7744 348
7002 6819
7774 3047
2840 5967
1829 137
6005 1018
106 6106
2838 6962
7759 5076
6396 6691
2330 7308
2627 1923
3919 3886
2059 2785
562 6451
2353 3343
4135 9410
6527 6433
5430 9658
4169 1691
6300 5298
7425 2801
7306 6397
2486 5904
203 9700
1062 9624
1319 7526
7468 3400
2457 4332
2043 6066
2285 3248
8686 3536
1093 3731
4191 5336
1170 2910
4541 1302
8730 508
9091 9407
7319 2447
6969 3229
8155 6150
8435 76
1510 8202
8017 5070
7117 8087
4764 325
7330 6593
4815 425
9917 437
5940 6615
6023 5882
6152 8913
1731 4689
8549 4910
6697 3406
6473 3999
4367 120
2642 8958
5016 8147
9228 3852
2338 1549
2387 8002
5411 8064
1683 2047
5300 5677
4103 5657
7479 7648
4714 7979
274 5967
6206 7059
1750 2310
909 9455
1502 3403
3587 3266
4728 2887
8466 2530
7929 837
3795 9945
1212 2940
8100 3141
9510 6832
902 8810
6962 4626
5767 6342
6565 4092
7960 9377
6751 6188
1946 5717
6641 7748
7307 6124
4817 5885
9581 5305
255 8973
4222 3519
8725 2603
4187 6410
3169 5954
9183 3508
2286 7029
278 765
5613 7890
5753 3621
4092 6084
481 2469
1379 6107
4126 7228
6379 3719
4763 8360
8324 7919
3899 690
4769 4530
9072 9282
5018 277
8351 5926
9390 635
3097 9865
8938 7065
9139 6814
1664 1160
6427 324
3555 8767
3983 2399
5794 5374
6405 5057
3995 7639
16 8287
6137 1876
7697 3451
3301 2874
5544 8588
9365 2789
2708 6893
9653 4836
4472 4864
2808 323
3646 7942
9224 2030
335 576
8361 8878
3952 8680
9787 3483
6685 4054
9415 5833
5233 6831
1462 138
1969 3806
6863 3718
5733 4734
1672 9606
1291 1840
9357 1687
5294 9506
7039 807
9476 4527
8937 9142
7768 2250
1478 584
1147 1133
5903 6715
3317 6895
2878 8437
4880 1873
5604 9952
2205 788
8592 1292
6991 8896
2483 9726
142 3539
8956 4969
8997 4532
6694 6526
6987 1575
492 10
2210 9753
8276 1429
4161 72
163 5632
2476 4980
9956 764
7294 6784
5556 1882
9421 2051
3112 7507
4883 9740
6532 121
9832 6172
5397 1423
6579 6345
2030 3139
9405 4316
6208 4483
180 2129
8405 5596
5400 9725
8390 3427
6409 5867
8909 1698
5892 4666
3661 225
8945 9293
5074 876
622 977
5143 7816
610 6134
5311 7771
5600 396
1401 3009
3185 4724
7738 1571
1691 9751
6512 1162
4096 4342
2790 9856
1684 133
383 8893
4377 5072
6738 3531
4440 811
357 4380
6329 7610
8837 9245
2953 7028
8581 3108
1898 2973
5805 5836
9049 2374
8553 2779
2280 3352
4327 3216
3135 8563
485 1960
8352 1244
2176 2641
2046 2739
9210 7629
1729 7220
5245 2155
9742 2659
9947 7064
6486 3073
6080 6900
8994 4546
8110 9633
58 1793
6125 1146
8717 9144
4485 4828
7876 9517
1351 3947
7708 7020
1091 3723
2321 9491
1898 386
4914 7198
5514 3721
5829 8827
1397 4635
5486 8174
3415 4626
4009 9594
5981 1725
3362 2978
5648 77
7098 3811
2712 7462
2193 4922
3018 1813
4885 5280
2715 466
2907 7537
3182 8255
1962 4396
1662 2256
2998 2257
7456 1980
7875 1831
9175 1023
340 3356
3599 2893
6697 4310
2820 3822
1535 5952
1669 803
7272 9251
2724 6211
7269 3339
9546 168
3161 3698
1216 8454
7089 1936
8369 6160
9039 6800
3746 6522
885 1137
5881 8329
2183 7260
2672 8804
9293 9372
2316 9161
3728 8419
6398 6917
5887 8480
1425 117
7240 7225
4443 6954
8952 3991
6646 6664
6365 7006
6762 3356
9128 5808
4013 6383
9190 6439
3873 6379
1908 1390
4420 2768
6514 9954
6499 1826
9853 443
8144 8647
7488 2872
2047 1570
962 3447
378 1490
9175 5101
3000 2338
7846 2816
9143 6088
351 4138
8383 8853
9408 578
5297 1130
1289 108
1078 5505
310 180
7505 4327
3301 2819
9757 6086
2209 8177
1720 6714
4668 8721
9627 9326
5104 1474
2318 8997
5121 3836
9354 6094
1145 4902
9855 3084
8691 9276
1270 3320
8796 943
8364 6613
8653 8237
4259 9605
9302 1407
9054 6544
8384 3062
5605 1990
7043 6980
9173 8996
8694 5358
5835 6933
284 8702
4727 7907
5418 9093
821 5355
2440 1790
5097 8964
5176 204
3574 5737
868 3608
9719 2108
4899 4182
2387 432
152 4886
650 5576
887 5039
7539 8926
3957 4811
3249 2084
3234 1105
4116 7820
8546 2258
43 1393
509 6094
549 1865
761 106
8373 2619
2815 937
6615 8594
8592 8865
6479 4078
3574 4398
8317 8144
7031 3825
3315 5068
680 4304
466 3496
8721 8883
9528 7097
727 6807
5985 5131
9409 8071
8090 7353
5682 6343
9100 9511
7411 4505
5738 6334
5104 9651
9754 4604
8946 8004
2038 2045
1054 1301
471 2382
6010 3482
7870 9227
1051 4618
7542 6023
9317 2734
7629 3711
5737 3020
8391 2190
7559 9516
4005 1009
1124 7400
7625 148
3936 311
7131 863
1093 1378
3188 1376
9747 2894
2110 6403
8771 2014
7781 6743
4475 6716
3155 629
7845 5502
5189 3220
3276 4682
2694 7754
6849 9966
3664 5295
9159 6058
2126 9294
4844 6952
5877 849
6675 1429
5768 9172
4375 6271
1441 1716
4889 5939
1873 8450
163 8121
5402 2865
5112 9149
914 3034
8903 5343
1702 4475
2296 9392
2589 7035
5323 7772
5456 4114
1203 6455
3323 5526
6596 3875
7270 292
9723 5414
353 5251
6004 5089
3967 6522
8459 1155
5119 363
1336 2967
37 4201
5315 5841
119 4689
4214 8353
7681 4555
972 4109
1555 5955
7143 4963
1978 5594
6512 7484
3509 4557
7918 5334
6426 8294
3065 815
8485 4761
6523 8900
350 57
8887 7079
4892 3168
7684 9735
8020 7456
9218 2071
1219 4575
6593 7143
6006 1584
5892 7764
4177 25
4751 2553
3472 7766
1314 856
1400 7942
4795 5470
719 9999
5564 7206
1887 779
6797 2400
368 9965
1627 4493
696 6751
3317 9498
9998 4671
6514 4702
2867 1584
6269 9887
8068 7971
2763 344
5083 3977
6246 4197
5544 323
9025 6293
5947 9059
9020 8245
46 5775
3410 8926
7213 9586
6809 3744
5748 2069
3827 9000
8032 780
739 1179
190 1680
2153 3278
635 9681
5599 1865
5425 129
7373 165
523 1876
448 5558
5894 5631
2037 7484
3646 8706
7368 6479
7009 94
6576 9356
5664 9342
9239 3870
5909 1510
6816 8515
3932 6052
9755 7995
278 9236
3374 5490
7543 1964
9271 1879
6496 548
4528 9087
3993 695
4852 7500
3231 1805
3403 2045
8307 374
31 8554
9872 5337
9505 5888
4680 1277
5258 4380
9672 6675
9992 9397
160 9050
5676 8037
6350 2959
1600 4973
8920 7397
7177 1420
8544 5999
1137 8917
8543 2548
2024 6590
5268 469
8199 6010
8581 2579
7961 2654
8252 6342
7956 5685
4346 9303
9705 3182
1272 3334
167 8282
5197 2549
2134 9667
2867 8696
5129 3074
1884 4057
6261 5329
7165 3985
4959 5021
5088 3256
6242 4445
7117 7476
813 9767
7069 7038
6893 1222
7126 3974
1289 1145
733 1188
4066 4477
7381 2697
2519 9190
9455 8483
994 7993
351 7978
5946 845
3421 9889
9378 2858
6177 8971
1054 186
4349 6186
4837 2438
8367 2569
5356 8680
4123 7107
9560 4625
6049 966
1374 5378
642 92
8990 5073
5949 7631
5437 455
8673 4817
1100 9366
7008 9983
7556 3531
943 9450
5404 2502
8119 4832
2948 760
2980 2648
4232 5945
7378 3005
7022 1943
3601 6618
986 9786
8291 61
9994 3875
9905 8158
5611 9289
8778 4671
928 9100
1111 1748
8199 647
4912 7250
8195 5044
2236 5356
2568 6595
7486 2244
4465 9261
2541 8328
9377 3324
5397 1596
418 8013
6360 5321
7229 9110
5818 109
1718 9560
22 1969
6235 3526
9893 6876
6404 5231
1182 1678
3422 420
6126 4371
5981 8283
4872 6920
9946 5872
3047 8850
4182 4976
4611 8155
6383 899
1455 6077
3612 132
2789 6825
2704 1696
8 2084
2530 5245
7046 8801
7706 9041
519 1867
4476 7243
5575 5572
8664 3046
1046 1426
2442 1041
5850 5030
4127 3358
9068 1394
6022 6314
8431 3999
737 1303
5380 5157
2355 4320
4848 7166
3683 3007
2407 4447
3771 7967
3141 5382
9329 3946
6241 6970
6571 4182
9980 1177
2393 5486
2544 6592
1889 5106
4362 8774
9855 3450
4343 1102
1554 4731
2500 1770
7825 8046
2327 7883
9413 4418
9210 8495
2226 3361
4006 3975
9157 501
6047 8004
2116 2354
664 4652
9653 717
2050 6342
9417 2076
8444 9855
3540 5256
6121 5648
6809 4434
3459 8733
4360 9358
1299 8260
5265 7535
5676 6543
9707 3265
6296 1296
5315 9205
3214 637
8393 5312
5255 555
2918 3984
3562 9258
5106 8492
8046 8
7341 6717
1687 5448
3641 1203
8195 584
12 4624
3763 5719
8977 9104
5974 5822
452 1619
3614 9690
8298 3261
9875 58
8338 3017
7654 7552
505 6817
1024 735
1578 7990
870 6634
3716 7892
9985 318
1102 8249
4530 7216
7808 232
4428 1227
2478 4932
2325 2634
2176 4449
5173 7353
295 686
8563 8909
592 3523
9302 6865
3930 1098
7397 1922
8223 4453
8856 782
8315 5153
3911 3356
1830 4755
8152 6905
8464 3729
313 1119
2368 2037
2902 7339
1940 5233
1066 1625
7932 2927
7446 6118
6590 7892
2800 5262
9330 1788
9573 936
7398 8721
7489 7910
5089 9936
7121 612
2390 2160
453 3155
2501 8537
1095 9441
8136 2079
5404 3998
4363 8769
4849 6597
1013 8865
2303 480
6743 2885
7888 3724
3926 892
6058 7067
1065 8953
5378 7893
2980 3628
7620 9124
2467 1747
2933 2475
7654 4278
9669 2247
3601 526
6075 6498
3328 6616
5343 9117
9061 6695
2935 6989
2805 9593
5371 7028
7708 6381
3240 8011
3402 9717
475 6987
4954 9973
2109 7552
2769 8426
4011 9127
5986 6045
6249 8821
957 213
7684 6833
1674 9830
8699 9264
8257 632
4320 7340
4937 2507
3330 9986
2780 5281
6468 5164
8789 2000
4613 2520
8666 7933
5037 4081
6772 4279
5886 131
9765 7742
5476 8166
1021 8250
4936 5929
6588 8257
2801 8484
9498 1044
6725 4329
287 4216
9556 1777
225 6403
2245 4723
1614 2864
7616 2115
7396 28
1758 9039
6514 4597
9411 7468
702 3134
7972 8067
3558 8475
1906 4808
4997 5273
2651 7051
1861 2476
6182 8011
3262 2125
7582 1590
9695 1015
1631 8829
5120 1037
5905 3098
4921 3987
7713 5870
7541 5194
6193 9328
8895 600
8007 4159
8538 1254
7344 1906
1444 2145
4364 943
4076 4690
122 5439
5821 9016
9264 6998
7388 5724
3468 9137
2126 7591
8778 6057
3778 5673
1227 3859
7455 6679
5804 1329
808 353
9196 1206
7628 4524
9745 4767
5891 8816
2821 7824
7345 7856
225 2215
4952 2840
5786 2775
6815 6144
4369 5951
5255 6110
6634 9909
1987 5718
5278 513
3983 6336
7128 1741
9099 4152
6010 5049
8301 8233
3577 4237
7938 2337
6041 6760
9375 4514
5460 4137
4013 7258
1016 2517
6371 3197
9320 3968
4536 4077
7506 90
9293 1343
8209 171
6634 7036
7095 628
5902 9688
2129 2307
818 5385
7221 9373
6255 6925
9029 2962
4812 664
1001 8788
7060 4079
839 8176
8825 9047
3303 1183
2902 2949
4268 1572
132 5091
6929 6301
5537 2712
555 7621
6977 8126
7134 8631
1506 1055
1063 3413
8306 3760
5051 5316
8655 3603
7631 2536
3585 7513
8240 8658
2025 5211
1373 9319
484 7875
3961 3640
1237 614
6832 2420
4530 3396
2514 1410
6944 6261
4449 2225
4989 4610
9733 2555
4059 5700
978 2767
8942 2787
1420 7145
1012 5715
3809 3602
9504 5840
6668 3474
4308 4376
8471 4178
4321 322
5594 10
1567 7817
1855 9912
9322 3022
9751 7939
1420 7462
8632 7392
7974 3635
8803 393
7030 2561
1893 1487
4069 8111
2509 9832
8662 9658
9536 3360
6279 1787
9061 5497
9665 6265
9699 6739
767 8785
7514 1037
2800 5933
6076 8319
3580 9470
396 4127
2803 6849
4496 4878
9827 7710
9293 859
156 3673
2113 2080
3556 6273
2153 7572
5460 8143
8594 1643
8212 5528
1316 7491
9047 9142
6040 3550
3507 9250
3698 9833
6885 5244
864 3037
521 7377
4465 8435
9284 9727
1571 6466
2317 2659
9573 3733
454 745
5748 4030
5386 5394
924 7071
3385 2533
6735 8509
5630 8516
616 7295
7186 3793
6297 9440
6054 8430
2745 6587
4659 3888
7829 8540
7833 7848
6712 4585
8757 6611
5784 2028
6038 5953
8017 7705
9707 756
7585 2829
5815 5166
1822 3650
8087 7823
1360 613
2437 3390
5523 3388
5939 4617
1207 7880
1246 7028
8055 7635
8716 5281
5652 7698
4423 5299
481 1439
4401 6251
2011 3491
156 3549
3178 883
6901 4458
3083 6531
9175 35
6761 8430
1415 1236
5336 4071
4184 9542
6224 1836
3698 5970
4221 4120
7157 4267
383 6341
734 1484
8807 791
7693 476
9231 2694
7186 8454
8163 5658
6758 4493
5959 3457
5131 2624
5621 2249
3251 2986
2273 6060
4926 423
296 2840
4687 1685
7850 3527
1144 1431
6001 2582
1399 7917
6872 3662
5180 1768
2850 1982
9214 8075
9288 1906
4467 4944
9120 5898
3102 2921
1125 8037
7863 7490
815 8256
5810 7370
709 7629
2180 5736
431 6238
3413 4106
1717 5083
4421 6617
365 7358
6433 8875
4817 9610
1639 2711
8393 8867
4925 7002
2531 7001
8019 4539
1625 3743
4140 656
255 3610
448 8650
3020 1263
5338 3417
9915 4933
1784 3089
3507 6199
9876 3303
3909 1982
170 7552
5783 9480
5115 8970
6755 4420
9657 6608
8666 8811
2845 9482
1420 3864
4847 1233
792 2251
3273 6565
3030 739
9353 7608
6171 2777
6672 1835
9283 9643
803 9037
8589 6268
2709 2738
6274 9822
8211 7912
9078 9161
6676 8072
2305 9227
1676 7179
9751 74
1232 4429
3634 6694
6788 851
1925 7372
9013 1441
987 8054
6794 7164
6026 7955
154 3955
8045 5708
9627 9673
8110 1200
974 8853
4654 9452
1998 5664
6706 5435
8125 4265
3177 446
8450 1860
8211 3889
860 7785
1930 3955
4859 658
7598 9069
7355 5408
1766 4599
1843 7792
4693 9432
3401 7335
5876 5905
3080 386
7514 4511
821 7190
3576 2313
6305 7519
9931 8659
9290 8040
3413 8069
409 5885
6200 738
9390 5500
3620 49
4062 9930
1271 8260
1717 7515
5363 6893
321 9466
427 8356
7560 477
1295 5666
5700 3515
9581 1524
5547 9041
705 9966
8531 899
7354 2881
3570 133
7002 9429
7065 6439
9675 930
9986 8601
5851 9975
4262 7727
2103 9185
573 4713
2779 5889
1843 4487
7594 4793
687 7573
71 921
134 3406
336 9285
207 8232
8835 5361
4457 1391
6526 4123
8043 449
4610 160
2076 62
7064 8254
7951 9659
5026 2104
3084 3849
4408 4670
6983 6263
2895 4479
3307 41
7720 1767
9818 9656
1217 4291
3953 9950
5380 9195
3371 9987
28 342
3791 942
7180 5459
3469 8347
2865 2520
427 1761
4775 7879
5301 6257
4563 6506
7067 4622
805 8661
9833 9731
778 8016
9961 4257
2196 2851
8086 600
5330 5199
1901 8609
1849 6754
3843 1208
3741 2555
5347 4802
6482 1681
2415 3154
8040 909
9362 7890
8792 5857
7354 4249
2218 1474
1004 2643
3567 4174
3571 6243
8267 5012
4776 5500
2724 2856
6258 5854
7543 1728
9722 5700
6647 5617
4530 1239
7508 891
5146 7629
8301 5946
3362 4909
6370 8531
9313 6196
1303 7961
4990 2732
7193 7781
539 7494
8481 385
9482 2404
3984 2921
4386 8891
6326 6410
9729 8333
1006 4115
2624 364
2172 6443
5613 3934
2642 2149
2865 4780
7849 5452
9828 139
3476 8586
1538 7269
7445 6833
9136 1096
7356 2176
374 23
2938 7711
3882 6887
5978 1494
5591 916
8586 1568
7360 1479
574 5305
9483 708
6553 9664
5362 8886
4928 5704
6658 4399
8104 6537
5261 9243
1203 5617
2552 5309
5783 3839
3684 5734
4497 104
3420 330
449 2314
3296 882
6229 9274
7620 5620
3081 2312
2183 3761
3444 3586
8652 1230
2713 2694
9186 1537
2755 8437
8986 2906
7854 4001
1359 6359
166 9156
996 3092
4237 7160
4886 5236
1194 5466
9319 145
7826 8533
8062 1488
9347 1315
3016 4892
2047 9652
957 3268
906 3011
9116 6310
3430 2828
9743 3964
7354 2951
6320 4495
2029 1895
4617 9279
3882 8892
7450 4790
4227 8798
798 2276
2096 9378
3926 8338
6700 5727
9687 4913
9449 7741
2697 1512
614 5822
6386 5110
388 8121
1140 9419
3889 2838
5831 3251
4190 4873
2575 840
4101 3395
4720 8128
7388 9248
8253 1501
3086 9355
2009 1161
7661 4321
9152 106
9307 7842
535 8912
7934 6697
3037 5171
1141 8442
2097 5402
3671 5058
2037 8272
1067 3422
8921 3126
3940 8030
305 6802
7812 7094
204 5381
8540 6726
3341 6877
7627 1894
2531 6296
7441 8396
7356 7611
9814 456
4256 7708
3490 5429
5385 9253
7049 2601
5866 1007
2002 7840
7483 6084
9190 4954
8946 3152
4332 4984
5070 141
9392 1104
9337 7011
7367 2661
4415 7482
3625 7444
5039 2985
3965 5490
383 4865
7588 811
3485 7543
485 1893
9438 3472
2533 1326
4813 5575
538 7869
7756 619
6762 8004
7616 3783
8679 5080
1470 1064
6726 1628
2824 6259
1953 823
9418 9323
132 8354
1806 5314
1942 3957
6821 7354
9183 3271
7766 7078
3410 746
7465 7276
1870 5249
9163 6603
5500 3825
4222 2786
4456 9512
7354 9992
5825 7766
8560 2173
1390 4038
9915 3356
5100 5707
9018 3843
6336 8305
1735 6908
6940 3430
5385 8147
8828 9312
1579 9118
7172 429
6903 924
8848 4115
7675 4193
2856 4951
5415 1680
5836 2374
6203 6115
6364 740
8619 4124
1275 5515
5685 5497
3387 4451
2359 8676
8359 2958
9512 1289
5550 5503
1828 2633
5292 8265
4428 9486
6790 9932
5902 5507
3414 8243
2255 5356
2101 1472
2340 6522
6363 2813
118 3522
3361 5794
2556 9231
8722 6167
5209 9865
1761 9960
3277 2064
6218 189
4506 8540
205 6912
5650 967
3858 6699
5437 6388
6943 5293
7716 5839
6119 9875
7018 3283
7831 4813
1185 3448
7175 6260
2188 9447
2085 6899
9080 4929
6233 3202
2495 7036
1476 7557
2050 7151
604 4233
9816 6802
7225 4934
6421 4272
3972 639
2757 6474
6693 6940
2513 6464
3270 4333
5278 4147
6974 3781
1102 5099
3997 5147
9804 526
3685 8991
8297 863
2055 5529
4527 2347
5812 1635
5276 3414
5081 617
7654 6595
7479 4908
4371 2920
3123 4273
4383 1042
3058 8124
1663 7188
4823 2448
5573 9009
1795 8026
9422 7319
9067 5546
1305 6534
7194 842
222 3682
7238 3185
8373 1587
8503 4121
868 3241
9669 3475
5205 4461
9580 2832
1484 3531
9351 4370
1618 5516
1819 7123
2272 7076
4457 7875
3760 6726
489 3695
598 2177
1198 6583
332 7499
1495 2026
5655 2103
6665 6481
985 5963
7128 7865
1558 7050
9027 3299
5691 8673
6689 8747
464 650
6815 1830
7611 6442
87 6164
4937 1353
3981 1160
1350 3013
5526 7655
1991 4300
5340 3245
5211 8433
7158 5347
9005 8977
8773 959
1878 8254
3287 966
121 2524
2327 4614
6780 430
2014 6423
6331 1424
6730 7190
6689 1008
7664 3807
6473 3385
1880 3242
1154 8469
6678 8010
1742 7503
691 2446
6340 9376
5942 1952
9097 3586
5799 4648
452 7169
5130 9519
5362 1897
2598 6372
5138 8323
2471 6382
3159 3576
3026 6962
3670 8193
9324 8546
1152 9423
9043 3435
7351 9496
9336 9868
2912 7016
2522 8539
2953 2629
3413 7380
4314 997
1772 4985
700 6824
7824 8413
6221 331
570 2806
9899 3904
8687 1414
1206 1062
6201 98
1320 3416
1648 8354
8450 1757
6669 6453
5909 449
2826 6002
4711 6447
7059 3278
3104 6344
8496 5816
2819 9257
4020 7567
6956 722
7981 8317
9711 941
8754 2936
8592 8013
4458 649
4595 9330
7414 1797
5004 9606
2027 5211
3665 8709
4249 9260
6019 6384
4741 8467
8822 6445
6428 5408
9721 986
5946 8115
7815 4444
6461 2007
7675 428
1931 7820
9721 3927
3481 617
3968 5587
6620 5973
2217 4571
1700 4676
9763 6308
2663 1547
637 3659
7721 8013
1597 5719
563 5444
3597 8692
8281 8698
9763 8129
5543 8513
5744 463
6021 1918
385 9017
9376 7301
9799 5496
3306 4251
5046 5571
9606 8357
6247 2828
1543 7205
6576 8958
4609 9532
8995 3298
8386 3510
6894 8960
2990 3534
213 1707
3801 1161
5344 4934
1181 4437
4020 8641
8513 5046
3529 1555
6985 4081
2672 9243
3383 3042
4614 5321
8344 532
4050 9119
5798 6831
7694 253
3402 3637
7518 5786
5447 725
5504 6245
1864 2684
679 9533
8845 7765
9562 9050
4213 9186
6428 4054
4723 4731
6503 5211
4783 9024
537 1718
546 7232
4748 7731
6427 8254
7395 3573
5306 768
2873 6152
3278 6418
1994 7095
7212 2604
2016 462
5674 747
8252 296
906 3105
1108 660
2857 6502
548 7426
3367 7744
8550 1828
1918 1696
3425 7852
3636 4803
1263 206
3073 7162
909 1011
159 6522
8959 4226
1415 743
3998 7230
7344 1086
8953 1310
1394 2301
7208 8603
1752 8233
601 1829
9885 8839
970 727
3232 6055
7222 3035
2882 2257
1442 3103
1533 9431
6032 5215
7332 5921
7975 2472
9495 6839
3202 42
2636 5024
7673 7016
8065 1581
5349 108
8845 6184
5609 2694
1971 1517
7076 7031
6046 8761
1711 4220
1120 6264
6723 9266
9747 4412
5478 8228
6319 2681
7172 7191
5634 2751
4035 7670
2711 678
8853 3208
8369 2447
8124 4602
2632 8631
3726 3820
6608 1442
2958 908
9411 9571
4934 6542
1844 8148
2068 2209
9577 7042
1911 4694
398 9894
6243 331
6286 2172
850 1540
9335 5605
4678 1842
7528 2287
1376 6252
3018 9929
4726 2719
2340 2908
6873 9533
7350 3848
4746 2760
4185 1075
1891 7496
675 2148
4215 5098
1511 1267
4703 9766
1214 9725
78 8194
6392 9771
2185 8094
4343 5839
5058 5482
562 8595
3683 4341
4357 2118
3169 8112
6019 7810
9322 5004
4579 1658
7897 8512
280 4325
6802 9259
2827 1959
3950 1682
2782 5100
8275 2326
5720 3874
1494 6925
2655 2617
677 5456
9274 2127
5417 9031
313 3886
1416 1678
9594 2544
2496 6990
7199 8160
450 9922
6448 4560
4594 5058
1955 3600
4309 110
6177 1204
5660 7260
9282 3160
9453 26
4064 7394
6236 1168
6863 151
6600 7925
2089 7915
1851 1526
8035 3792
470 4097
2284 3300
1045 7065
2653 2209
915 7535
3340 7370
2726 3085
5360 3406
4347 8534
6839 6107
5163 6748
3136 3052
2959 7917
6870 6128
338 6010
1891 2668
326 2256
1103 2710
7309 234
1207 3299
4926 6549
4409 1647
3251 9588
5093 5031
5810 3502
9384 9366
8935 9701
4686 9179
529 8316
3171 796
5656 4915
7527 7854
4872 8567
6725 7646
7656 6811
9114 7683
5790 7209
7502 7117
7802 5117
732 5611
5929 4952
9172 1777
2598 2513
1596 3595
7896 7272
729 1409
4088 6902
4358 973
1511 7483
9749 4815
2205 94
4565 7633
5772 6276
9144 2462
2878 8242
2972 2163
699 6408
3019 1895
3836 6083
9991 2832
3697 7479
7166 7061
9334 6496
9577 3969
1553 7491
3706 3551
7495 580
1268 4404
937 8693
3862 8731
4792 3514
4213 2645
7046 5383
3548 7430
2544 1477
984 2754
2469 8029
7351 4637
6696 8110
4980 8286
3905 9611
4171 5719
9872 4492
8341 4471
5771 9568
813 6786
3894 7030
905 5304
7259 5870
1799 382
5399 1554
4210 5810
6839 8810
7370 8669
2554 6156
6056 887
3649 2404
8877 2408
4495 1245
1369 7582
6016 4484
3859 9757
2864 5545
6905 6411
4385 4918
2600 9028
2259 1175
8686 6072
1456 9760
4945 1895
4918 1744
50 5623
6866 1791
4829 5626
2672 9417
4166 388
591 9857
1691 2746
5463 5928
1275 656
3147 6420
2521 8757
1109 420
867 6463
529 1344
7158 2568
4794 224
2805 6644
8096 2834
3504 4595
6114 1971
5313 9713
9663 1085
2836 9890
290 279
5139 4681
5707 1439
9155 4921
1555 672
3726 2982
5853 3639
3386 1188
5227 3554
3609 4053
8036 9501
3498 6650
6348 274
9470 6685
8910 6294
217 8198
5470 9952
373 8244
6406 9069
170 8074
6247 8688
2207 1744
6761 8264
6386 4817
3090 484
8961 2546
6157 7111
1052 3963
4657 356
3194 2921
9024 8430
1464 5758
5031 1445
4389 4511
8068 7026
5680 3822
5725 3488
102 5812
8700 2612
4003 6050
6146 4849
9439 9030
1118 529
6676 7865
5319 6843
2852 2565
914 6356
8447 1045
6041 5724
6292 7308
4389 7541
3632 5137
2701 7756
376 82
5923 1320
6707 7047
625 3212
8812 4873
6370 1416
5110 2705
1067 9521
9618 4702
7726 9421
6019 5917
4190 5632
1024 7611
2377 408
3160 9263
3561 2823
7098 4980
7464 6878
7814 4722
2118 684
730 5501
8080 9283
2213 1729
759 6016
4054 5494
4726 6066
8339 8316
1395 3715
4654 7744
4878 6472
4682 1547
8047 1592
8241 1372
2220 4084
1308 4230
9051 9255
6861 4133
366 5855
9589 3589
3800 5646
8173 6970
5440 9083
6870 1714
8791 208
9668 9448
3410 680
1454 9610
1763 594
774 1063
9984 782
4068 5057
5909 3136
4225 3112
4672 1850
8826 8849
6072 5556
5039 6352
249 7584
6973 1509
1324 5131
81 5179
5793 2464
5742 9711
8325 6155
503 3461
9652 9221
1449 7679
8183 8050
2079 703
5181 5746
6979 1106
6999 7252
5077 4105
6356 8215
6164 2852
2543 6280
4059 8604
3679 7622
8692 5149
9557 9528
430 6117
82 8772
8371 6913
275 465
5278 506
6955 5187
6417 482
8312 2925
5477 4734
682 6433
4920 5229
2076 8554
7198 1937
4828 4007
1067 1602
3739 2737
8609 226
8239 9354
800 7614
4989 4080
9394 1444
4169 5178
4851 4436
5501 6410
7685 7736
912 4473
1402 5169
8015 8227
3159 6972
6359 2634
1181 8552
564 6884
1674 5825
6336 915
7277 6934
1478 8539
9125 8804
1176 2262
5431 2297
9436 4996
6695 7244
9263 6742
78 11
8759 2004
2148 9835
4334 5116
4605 9085
7083 7192
1867 3724
8359 7146
1500 31
5343 2713
4120 1985
8438 1571
6704 8556
8438 4543
1265 2237
6441 3042
3924 1770
997 2364
3071 2169
2414 5440
4509 7522
499 1928
337 3476
4740 7670
6105 3382
1792 6799
7964 1264
2740 2104
1466 3050
7755 4726
9592 4224
4674 4474
3808 2846
483 6996
2192 5516
7322 1404
2625 8715
1820 2357
7890 2016
7362 251
6191 4255
8112 9138
2296 6091
4985 3148
2649 8576
3655 5255
5215 9638
2663 8050
9459 4041
2634 6890
8490 340
2320 5671
7514 6162
775 1839
2179 4590
9241 4723
6867 1559
4371 7986
4139 4902
1315 7793
9514 6750
2412 4067
8678 5251
6756 3895
3919 8199
7335 8898
3015 153
6146 9201
971 9178
6757 3243
6424 965
6003 6601
918 9371
3449 4482
3544 8855
3412 8867
7433 6457
6613 6353
2402 5867
2124 7237
4976 2709
2248 1679
8522 8424
9751 961
5512 6354
4005 6267
8848 2828
9468 6922
6440 3817
5569 7814
9852 6668
9813 4074
5806 5489
6018 823
9393 5859
3368 4789
6487 792
5530 1885
6452 2569
3507 8822
1519 9045
66 9514
5095 1451
9218 9319
5555 3165
5242 2266
4548 8365
4264 2772
428 7785
1602 9765
2102 6679
4440 3903
7357 4004
5866 3109
8885 3511
3930 4408
7361 5082
9470 358
9697 4118
5281 6134
5586 203
3114 8804
3893 7340
4197 9762
6759 9481
2511 7227
9369 908
9461 3475
2594 1111
2200 3522
9454 8623
4732 7845
8728 8793
4860 2475
5360 7785
5857 4204
7163 1722
2082 2418
5275 8035
699 5098
2457 6886
9872 6110
1570 2332
9192 1960
7643 4575
5508 5433
4975 785
7614 4680
7994 9777
4738 3159
6505 4448
7078 762
474 1883
1996 5028
7757 4494
1908 2625
9583 9759
3553 763
4965 7902
5315 8812
1000 6382
9912 7480
8974 3327
7689 5666
6644 4145
9495 5221
7701 5353
2904 272
2328 6773
8408 418
6284 9769
3633 3058
7598 3991
488 5272
1671 1196
4584 595
2305 4580
480 2842
7460 797
3463 9129
4558 3332
8601 8590
7347 5393
2622 3872
3684 7298
5428 7329
8416 8295
3129 2965
7169 4274
7104 6638
4740 323
4292 7476
5976 7953
3321 7704
5569 2499
2534 1468
2670 6242
6039 2316
2015 4214
9674 2273
2044 257
3649 1733
8152 4923
7254 1016
203 8910
3318 2414
7225 3546
9338 5539
8556 7401
8430 5542
2348 1056
2879 3484
7970 9698
1331 3253
5285 494
8392 4675
5801 4199
3561 9935
3946 8995
3964 1343
8315 477
777 3338
100 5811
7184 7782
8532 4322
614 584
5227 5476
8549 3293
2699 8754
8190 1646
424 2921
6091 6731
3145 286
2986 2809
5048 516
8901 8014
9881 5889
5969 6813
4920 9743
2856 1308
836 319
6576 3235
4616 2817
8358 6373
8352 5128
4685 4902
2312 2107
7295 7734
5526 1766
7250 1942
3748 6635
4015 9006
8885 8810
4850 2265
1028 305
6947 3072
1343 8498
60 3553
4439 2510
4197 7843
7161 3327
684 7041
8662 2869
8871 6809
4178 6462
2387 5716
5877 3626
4546 8423
2868 8872
705 8511
7450 862
4849 2482
2608 4644
4827 6676
2483 847
4412 4000
6633 3594
1775 64
876 4391
6081 4067
7079 9214
5577 2707
304 5240
6389 4597
6963 111
5952 5342
6118 5745
8821 7825
2466 6115
9548 247
1151 9876
2274 6531
7681 9430
5866 2152
7976 9698
7146 8872
6995 3020
7205 9172
3362 4973
6506 8541
5 5408
4208 1510
7508 1720
7637 6155
7385 8542
8958 2454
3972 2659
5239 9282
5125 9301
2271 731
3099 5234
3442 4930
9187 5404
3183 9515
2997 3307
2064 8128
5924 5053
8320 9594
1591 8495
3077 7258
8478 8797
8446 9042
8258 8735
3103 7874
5882 5504
4898 9287
5968 115
3180 854
56 7772
1433 947
9111 3540
6044 3170
7386 7281
1703 4367
8901 2237
4373 2971
3143 3626
4500 1360
644 3500
6286 683
8671 8107
8029 921
9083 645
5846 2230
4883 9932
2629 644
8031 7626
4469 4260
9548 7821
2305 5679
1813 2110
1491 8091
9674 598
4452 6920
3176 6785
6271 3693
8990 604
8994 438
247 6979
2210 7342
9906 276
9900 7979
6000 6553
6343 526
3156 5112
5088 8241
1605 9735
4504 7311
4974 288
9479 3040
8566 2276
5247 7302
6772 8935
3355 2821
4895 3624
1405 4251
3519 6248
6379 7274
4533 4138
2497 5338
4292 8912
1093 2742
299 9413
1175 2452
1783 6905
671 4146
3737 3592
1798 7986
6598 961
7938 9422
3748 1837
2132 5741
6623 4774
437 4259
4268 4793
8408 7044
1877 8886
8014 1750
9536 7854
6731 6831
1364 1229
5796 9516
7734 1963
4987 9028
5166 3608
8785 165
2551 5751
8593 7621
1034 4152
3571 5552
3775 6604
1181 8813
7775 729
6271 8062
8459 3091
841 1471
51 6938
7142 7084
4180 1520
8384 9406
2398 8455
8340 9283
2221 8703
6112 271
6779 6172
212 1363
5243 397
3441 8447
2742 179
6730 3491
708 8611
1253 1760
8346 9896
8098 754
3651 3905
1750 4190
3601 6612
7828 4421
6778 2313
4621 3295
1801 3742
5875 1849
8586 6503
3925 3567
6500 9605
6662 6156
596 7019
5313 4493
3571 8767
685 7138
145 1323
2231 5194
2306 1772
8826 5208
3682 8012
5345 3513
5357 632
3681 7540
8231 3372
5067 4002
9515 9388
4227 2934
6391 9490
4001 7112
636 5127
4690 896
6562 5190
9116 6497
530 7118
4427 3562
8604 6720
5607 505
3083 234
10000 83
3104 2751
3937 4992
6699 3901
5838 3571
5584 9882
9386 292
8125 678
1702 5862
421 2223
8348 2188
5256 9785
1040 5077
8324 8201
5414 2992
2815 5723
9698 3740
1060 2720
6478 4472
9525 5419
7126 9952
2766 5730
1405 2108
233 6230
2213 447
9264 2213
8334 2551
6485 672
8326 2220
2334 6190
5276 9255
8260 5204
7936 8873
739 3367
7949 4314
5537 5426
1977 3117
9381 9910
9695 794
3891 8596
9156 9086
4692 4651
7725 8222
473 7034
4329 1058
7949 7547
9186 3675
1349 2272
120 8652
9517 1809
1547 1122
127 1065
7612 9141
4677 2369
7256 2176
7332 7376
9027 7390
3168 4491
8760 4237
319 3062
4012 2357
937 1667
771 8754
2084 6322
7765 5567
3271 2279
4837 150
9200 1177
5370 7506
2720 3127
5312 1346
7993 7640
380 2126
7326 222
3329 9982
8630 7272
9096 8451
2780 9743
6625 5929
3941 2274
4042 1245
5226 8371
1295 9652
9525 979
9541 3310
3987 2865
6287 4287
6033 1845
5090 8623
8918 7637
1238 5775
9862 377
7966 8632
4421 9296
7229 8164
5877 8515
7904 7551
8701 7471
1523 1943
1289 5463
2834 1517
2821 9469
8411 9044
481 9936
1114 9429
2545 3241
3804 438
8096 1885
6578 2303
1357 2195
6176 5529
8386 8929
4433 9620
3115 3617
2214 3811
1489 2220
3317 2321
4660 4340
1871 6100
5528 7470
7850 4263
8727 1843
8185 1520
4343 3267
8856 304
5932 3129
58 4510
1227 313
9674 2659
9993 3314
9217 8245
8920 1579
7030 662
801 2941
9521 2897
1260 5168
192 3002
150 2784
9907 1297
2485 3567
4216 1404
1390 2250
3855 7265
4257 9596
6356 2465
7088 419
5953 3515
2170 6277
5694 3326
4654 5983
5269 6071
843 5435
6553 9015
4367 2675
8856 4050
5795 9737
7651 4526
6669 2241
1686 6762
4691 6501
9584 8194
7723 9965
5292 7741
2696 5094
3564 1954
4354 4593
6289 1738
5014 1259
8765 5351
9145 2923
9040 5792
8370 7380
6940 1191
7406 6280
8163 4943
6435 1832
5194 6315
6189 9873
8404 2945
5947 4727
5214 2075
3353 6450
4924 5606
7874 4254
2944 5466
3689 6758
8157 9404
9535 6703
3205 6555
9520 8231
8057 40
123 7490
8800 2394
5027 5118
6742 1811
2743 5427
4139 6967
7979 8651
1238 2689
6093 5413
1604 8413
6133 3126
7355 2521
7036 5054
2069 7573
5070 4772
3080 6730
4321 2606
8733 8511
7893 8632
811 6947
3367 6099
4213 9561
1363 1933
1150 8382
2541 5589
3410 5848
1862 6737
3648 2729
8164 1977
8961 9365
4575 2916
8701 7415
3264 1884
4965 8865
5343 1505
8783 9443
7367 2716
2050 160
6931 5358
5624 6365
6731 9330
1567 92
8292 2010
9071 7663
7772 9499
9525 6846
3760 7472
1269 4456
6721 6772
5972 3593
7874 8674
324 823
1894 4747
965 187
8273 3771
6431 2713
6143 4483
2372 676
511 8422
7785 3465
1771 8049
7309 371
530 2965
4668 5214
9206 7598
8875 177
9558 9847
4032 9533
6396 5493
1859 8065
5596 436
5488 4850
8615 3761
4729 1088
487 1324
2402 6923
3612 6164
320 7315
9867 7357
9211 6347
4787 6520
7783 1131
4476 1949
3961 6227
6637 5216
1800 6806
1758 2487
9416 252
8403 6490
3142 4677
8420 465
3858 972
6154 2090
8792 7510
7045 7917
3539 2706
5604 898
4122 3815
8533 8576
271 1287
6496 6853
6157 9357
7680 245
1531 1674
2103 9674
4001 8723
4853 2382
4417 6136
2669 468
3543 4806
8643 6361
1939 2420
774 7513
6136 5052
607 6710
4653 477
1412 3025
1479 4788
2720 2869
2757 7364
4031 9882
1369 7321
5649 6582
3059 991
3727 6782
1043 6066
8252 7489
1956 559
9624 6133
9804 6676
8029 5566
312 7032
2122 9186
7892 8291
6333 2325
9195 2826
6869 5512
1584 8670
9188 893
7048 7431
8872 7256
2930 4702
2993 3554
672 8103
9380 5779
4317 4834
9899 3059
5921 6232
1201 6432
6375 9496
8752 3987
9133 7683
4028 1704
4663 8421
9309 1891
1959 3935
770 5008
9942 3880
9120 4279
1612 7876
6394 7465
2655 2969
3491 9784
2630 2808
9153 7398
3336 3225
8552 463
6062 2905
8255 5942
9622 8667
1601 4290
544 1991
6623 3618
5056 5094
536 1846
4082 6703
3352 6079
977 6729
9495 3951
6506 3722
7449 5766
6974 6924
722 6401
837 8384
692 8512
6985 4858
5862 6938
6608 6058
1356 7065
2380 9500
8435 6170
2052 9031
6604 3561
4680 2308
1219 3827
2442 2904
5362 6460
2230 650
24 8524
4346 4567
654 7746
1324 2975
7029 2847
6342 5194
1805 4572
4192 9947
5423 109
3750 5272
263 1367
3030 6519
8640 433
1311 2290
6369 701
6975 8334
2793 7881
1663 8056
810 4782
1114 4946
3470 5827
4414 6903
732 5635
4146 9200
4664 5764
6655 5357
771 3607
7303 1047
8425 6019
1411 6239
2212 2789
3716 3459
3267 1987
3774 1984
6827 9831
8138 7820
2796 4307
7842 2225
9943 1446
6332 4458
5692 2713
4701 3873
504 2770
9156 5055
2456 1844
2400 4287
2058 6572
7354 3431
8614 1503
8471 1380
3644 6746
7644 2797
327 9650
1339 9917
721 8585
5954 8131
9508 2571
9602 3921
5636 5881
8343 5747
6518 4244
8529 2259
1669 6588
5108 6995
7297 9808
6086 4776
2078 6238
1638 2553
4521 5461
6191 9528
5878 1857
7904 7404
9931 7119
6994 6817
9654 5565
6520 9592
3145 9044
3950 3158
2204 4248
6143 5942
2180 9991
7703 9502
1744 3395
2063 3698
5605 6439
9907 1484
9030 9591
2707 7568
7202 8282
5055 4008
8856 8085
7927 24
8607 2144
3047 5047
1840 3758
9857 5362
3716 2140
1463 5058
4118 4887
5959 9556
6677 9608
6267 4689
1402 6004
3629 2262
6602 7652
6545 9233
210 5080
6463 6095
8061 464
6614 8605
9908 3690
896 8290
6852 2578
1330 6742
5399 1010
4378 1019
5092 1128
3720 2486
4070 54
6671 6638
2802 9106
9123 5914
492 9806
2500 8931
9861 6033
3616 162
3655 168
5346 6092
5111 6401
7826 4803
3736 1797
4012 2329
7750 2613
398 8376
9809 1156
8788 767
2568 2725
590 6091
5753 1878
3063 5426
8837 5627
563 1360
9971 3151
8326 9959
2263 6006
9605 4817
8892 9309
2133 8426
6809 1273
1905 3563
2303 9086
6307 792
2079 6321
6586 6162
431 3957
2885 816
3254 6710
9733 309
8743 1932
9112 8732
2844 5622
1742 5353
1236 702
8534 1016
938 4156
260 3590
1745 24
4269 6852
4485 8192
5286 4431
79 8688
469 7473
4102 9159
996 7220
6754 1550
2093 4606
7892 9031
7799 9901
6430 2508
7855 1506
6308 8406
7047 7603
2766 2741
1908 2234
1436 3864
9514 4183
3600 9428
2469 5
956 6169
44 4727
8453 9950
2334 5383
8630 5981
6658 8108
4568 106
8816 1103
5739 6696
4937 9676
7593 6926
8427 8466
9340 1975
1362 5827
6901 9027
529 7322
3826 1524
2516 3164
5717 9657
9790 6456
8427 9611
9093 4950
2949 344
3461 6690
3670 8241
464 8302
1404 8164
2774 7238
4450 3696
9666 4475
1911 2185
7442 281
293 5495
2248 180
1205 4123
6721 2018
2808 7304
476 2529
2823 6485
2923 2886
8179 6319
9774 3355
309 6669
2564 7212
3330 9128
9220 5598
3506 730
7697 6737
3469 3766
8706 3814
9472 5713
423 7268
2960 4832
1783 4123
286 3431
8795 291
591 648
6775 9218
804 137
8299 4539
2591 5719
1912 896
4892 2208
8713 2612
1975 2322
7000 2831
6892 7839
4754 2439
6720 4948
7432 7535
3859 7247
9643 367
2369 7306
8038 8466
4598 9365
3406 4846
4007 4343
6624 1156
4339 3132
5264 906
792 2640
1768 8024
7628 3759
3888 8321
3914 2623
4333 948
9592 1104
3060 5984
3469 3378
9606 2007
9339 5298
9054 8335
6526 5785
4890 2457
6813 342
1632 337
9280 4202
2198 3825
2785 1475
8756 1592
8720 7957
1483 8169
5773 4695
4783 4726
8383 6301
5720 2539
2590 5497
3397 3391
1023 8599
6059 9285
9241 1185
7420 1956
4789 6071
4095 2633
2048 620
7010 5488
7210 6120
7232 6325
1963 8188
576 2248
9429 3572
5712 5145
4494 8854
9410 30
9663 343
3133 5930
3559 3483
9260 4925
3008 2703
573 8241
6773 4960
6997 2861
9316 1546
6164 742
3167 8620
8659 4723
4588 4862
978 4058
293 799
1562 4118
9228 6346
7083 2262
2848 2854
8234 3647
2757 2240
2769 5655
2988 1032
234 1262
9892 5257
3565 6647
7241 1604
4796 5291
4724 4727
9407 7438
1524 2362
6365 1724
853 9984
538 8670
3338 5109
7523 6936
6173 6809
2571 8111
6750 1952
7235 1700
6800 7116
7543 8303
3929 4548
3989 9431
2317 8549
4965 6564
2008 6831
2408 411
211 4259
7350 771
8672 6771
9182 8296
3456 6834
8141 4149
4918 5047
1081 262
6934 4548
5435 8071
2486 1910
3031 8753
7980 7622
180 3422
1716 54
3238 571
1593 1231
296 1454
8781 4651
994 4561
9189 3561
8386 7290
6935 2881
8568 7292
8956 3769
7779 1803
6812 5967
4155 8156
4368 7196
343 6374
6111 6685
9300 9970
9154 4102
2302 8462
1923 5102
7925 6656
5944 7936
9465 8625
8284 2915
1597 7458
9551 8112
3691 5904
7029 3901
5922 6162
8916 9187
9251 8061
8081 4167
5837 9210
5536 8714
2128 2287
3784 4440
8139 492
8053 3902
6375 6150
5714 9768
5572 4683
2961 1394
8647 5203
7389 903
9504 9620
1389 9995
3627 1640
4313 6567
891 172
2799 476
1375 9106
1907 8776
539 2375
6579 9361
9354 6354
7442 3802
6758 7140
277 275
5440 1506
6291 6665
8036 8610
1520 4754
7703 8811
8811 261
1640 7849
9621 5908
4693 1290
9092 247
2118 3553
5776 7614
4364 1575
7150 9034
6044 6261
7341 485
1844 4739
3910 6931
1544 5661
865 7197
9856 3358
9714 769
9146 80
6042 9725
917 3734
2598 1808
5934 3287
4807 1863
5469 201
7070 9887
3388 3632
9297 1483
1397 9491
5976 3492
2793 1455
5010 170
6431 7883
2035 6192
3097 1531
5236 9705
5223 2689
9767 1004
4605 2714
44 8117
7582 6049
6859 1306
2531 6243
4071 956
1335 3284
2922 5731
1398 3753
5802 1538
624 7255
3748 8004
214 8577
7137 4358
7030 8853
2142 5965
593 5601
5797 3015
9018 3337
9396 3373
6986 6112
831 636
8771 1842
5952 2322
2436 2923
2404 4045
3459 117
2911 9514
2737 6753
3539 9922
5482 2078
2762 3772
7526 1611
825 1781
8818 9911
694 489
4707 4505
1493 2122
199 3591
4671 5787
9388 4247
8201 3275
3682 9558
5234 9341
3427 8538
64 1104
318 2699
1531 748
4244 2803
6167 4193
8859 6902
9928 7963
4525 9165
8776 5980
9458 4190
3819 82
9092 2154
8532 3483
6053 7707
4110 3385
6688 7680
2169 8594
4630 104
3927 4341
8276 6148
2827 1771
9740 4971
6252 6235
9873 8686
2534 6146
7338 7825
6055 6904
616 7407
1811 4196
6835 7796
8264 263
719 7566
8825 9701
3801 41
3983 9204
9335 3850
4877 2068
922 5405
1521 9917
9713 3515
7773 5205
5596 7202
898 2012
370 3464
3545 4352
5082 2920
9380 279
209 2164
8344 9270
9621 4042
8996 2469
7288 7886
7562 2554
2449 5329
5735 9174
6592 1339
9425 9944
8598 83
465 1126
6820 174
6360 8974
7350 4210
5299 1346
130 1537
3015 9646
245 1534
6827 4464
4379 9634
5454 6063
1177 3618
2526 862
7347 7628
5096 8955
8571 9027
4766 192
1016 7963
2066 5537
7558 9029
5730 8220
6791 6484
4651 1607
5175 1356
9424 7792
2181 7877
199 8213
4428 3362
2143 4902
5414 1129
6094 1808
7901 9559
7353 7607
44 6698
7114 5281
2127 5442
7824 4793
5905 6688
9800 3159
4922 109
4446 471
125 8502
5687 3937
7075 2058
8203 4467
3964 3341
6768 896
4686 2702
9369 3
6476 6667
7884 3418
1075 4295
5816 1554
1778 929
5003 4686
9291 3217
6096 500
2392 7400
650 6684
2263 1117
9209 3862
7163 8102
1518 3297
4566 5516
2556 2050
3550 1191
9604 1772
5914 138
4636 3942
5414 2956
1916 3372
734 1357
6189 2828
2532 2495
9850 2566
8392 3754
8485 7992
6997 507
3239 1297
1660 8572
1459 7621
2596 9094
5007 2127
4247 2128
1862 9052
1141 7440
2352 6317
6780 2754
2505 8932
9289 991
1955 6816
7161 6662
205 8290
6954 5477
9702 749
4385 6462
7868 4908
1380 3090
2139 313
3928 4786
8947 3750
6760 5510
9112 9438
3397 9755
8315 9025
7601 6025
9491 4961
2861 306
1280 2600
4844 7138
7953 8151
8958 5548
8290 1697
338 7748
8129 7232
5184 6901
4101 8676
8103 8503
9026 9975
481 7282
2442 6327
520 8505
8575 2875
9966 8023
8856 7552
951 8736
970 9438
1588 2090
7849 6295
4920 6712
9544 8968
5934 2260
9394 8613
2006 180
5969 5189
9785 1664
4398 5822
1853 2069
8108 9259
6803 4614
7624 7915
4718 246
5279 6770
2862 8855
3455 2559
2126 2558
8522 1195
7505 4133
3212 610
2557 2560
9462 7368
9217 7611
9258 3404
2741 638
3199 9765
2168 6173
2717 2765
8490 8214
1664 6890
8229 4716
7301 6371
1279 3587
7644 7024
4136 2543
2570 4177
6560 8121
2456 3702
2879 1864
3189 7672
4591 9405
8359 1120
590 3394
8811 6638
5327 2905
4812 120
5309 6257
2154 9037
3073 7662
5684 507
4190 9181
5436 7156
4429 6860
376 7003
8750 6665
8288 8070
9410 1039
1405 9973
7521 7136
3652 6108
2463 3697
2643 9955
3483 312
2990 1980
1280 7470
9388 2092
3630 4705
2133 4778
4343 9234
2476 1691
4920 791
4137 5779
5111 8673
4753 3847
9048 6280
4621 2688
3839 1128
2893 444
5675 6793
8335 5774
3296 3453
5346 530
7231 8010
8947 4544
502 3301
603 9261
4042 4613
9379 4582
387 9933
935 407
6731 8916
6564 3930
8000 8543
9102 7923
4249 1759
8817 141
4968 2354
9866 472
3479 4435
211 8192
1912 9002
8233 5633
3689 4481
9114 6357
5805 6201
9329 7506
8500 2109
1828 7456
2790 5779
9530 5187
8097 2071
1040 1310
5291 9463
8508 8303
9798 7555
4999 8871
3933 3411
7328 5950
7721 9605
4421 6984
4631 6587
8224 8337
97 4439
4731 6900
6382 3640
4226 6516
6131 1227
2456 9225
6094 1104
514 2358
9361 8873
1497 6566
6933 9284
5619 1209
7021 3591
4823 7565
7182 7240
6598 967
368 6860
9656 8868
8957 7938
4965 529
6048 6353
7370 6422
1117 2374
5683 8549
5196 1508
4350 3457
7541 516
6777 8479
519 2389
1686 7992
5876 6365
8525 1819
6308 3612
9901 1479
94 3728
1918 2111
7479 3125
3312 1718
904 3880
1449 215
7813 7749
9735 5108
9195 824
7583 6381
693 4860
6468 9231
5832 83
656 5723
5978 6016
6775 2036
2248 4515
6131 5492
2571 6426
7024 8341
3337 1365
9255 5803
7549 6245
3915 5434
3900 1646
3893 8432
3365 7552
2338 9814
4569 7764
8240 777
9320 8571
7368 1492
3101 4201
2914 1809
7771 1557
3173 7856
8613 1030
8490 1029
8282 2396
9505 1963
6367 5670
3780 4423
9785 5784
3037 1735
5116 4216
6275 5382
4005 1140
6138 1056
8563 3964
2239 2238
7999 7342
2312 564
9124 1835
3259 2415
4641 9193
398 579
8774 8131
2502 5505
6903 8483
3148 3055
2599 1573
2056 1112
3398 3900
6886 3447
7755 7237
5448 2913
1856 7942
7156 829
5614 3410
3817 5984
3325 4134
3363 7201
996 7932
111 3008
7585 2366
9112 590
2726 4937
5037 899
788 1237
2723 7445
2551 7124
3832 5936
4780 8632
3894 9221
4154 5997
9356 9512
6841 2911
5492 5581
4048 7609
2863 6503
8821 3274
959 751
8191 7078
2548 9376
3682 1710
767 4036
2041 3207
9876 3124
2489 9499
6256 3449
205 6089
9098 353
8514 3307
9964 8130
4136 8406
9866 2620
5897 9997
5107 3785
8295 5031
211 1203
3317 2511
3932 6656
9950 8080
6366 1952
7223 3532
5637 8924
7769 9482
2866 8374
933 619
7627 374
233 5881
4277 3615
9065 3611
2760 4697
5245 2996
9879 8231
2677 4759
6241 438
2036 9887
1361 6868
1039 3260
6029 8056
6468 6756
7485 1702
9593 5606
5991 432
1813 6041
4300 1032
9191 6084
1032 2637
2290 6038
6995 3400
8647 3722
6464 872
8741 6448
899 8486
210 6980
6002 5463
9826 7065
8478 7696
674 222
1122 3202
2389 4608
2281 7902
8388 6925
3090 7608
9839 8808
5853 502
6953 2269
1366 6056
5867 5238
4657 451
8279 4831
3762 2673
3161 3833
631 9548
5916 6840
1560 9826
5471 8818
9727 8907
5417 9139
7546 2003
1668 9906
2699 6693
6479 3575
3258 2727
761 4000
9375 2242
5309 5493
9581 662
2040 1604
5562 5166
9002 5759
2611 8699
9888 4428
4322 6400
4428 4259
28 8150
3691 9018
9953 2966
6130 7800
3831 1293
6507 5122
9828 756
3010 5677
414 1900
6760 4976
7094 7673
6521 1870
118 8529
5232 8062
3751 4341
6023 2394
2774 8568
8001 9178
36 138
2846 5915
812 7194
2445 5146
2655 8898
4909 8264
8298 3654
291 7169
3994 3672
5850 1589
4514 9767
398 6461
6349 5348
1270 8176
8359 3457
3849 2659
286 5370
1024 202
5322 9186
8154 7769
9465 4468
9676 3687
716 1231
3003 8739
1588 2891
1509 7085
2276 3129
872 8776
1513 553
9855 9635
3472 283
1757 6444
6337 7512
2395 6730
3160 3899
3045 6442
1087 7918
3578 1084
7687 6217
8287 6429
6996 4265
8751 3354
4628 4995
9654 2125
2451 7797
56 9168
2937 550
3342 7980
6300 6224
9807 4648
6386 8260
373 139
4901 9594
336 4391
7616 9475
8280 2165
5525 1240
8038 6471
4517 4218
9890 3635
5162 8645
6135 2269
3848 2310
6525 8978
2675 2251
2869 8314
1853 6691
3938 645
8152 6530
5691 5958
5707 4601
606 8193
1010 9069
2999 2317
4527 2925
2180 6833
6550 1738
3241 9021
6315 2675
2488 2359
2294 5737
7437 7558
1265 3927
5627 213
8657 6671
9570 5122
1019 6581
9918 6445
5629 1205
6325 4583
4949 1957
469 9358
4298 3381
8214 1423
9172 4660
5598 5418
1678 1977
6823 5621
1334 4322
3991 9499
8583 3443
1881 4689
6795 4390
8167 5892
9025 8368
7548 4579
4370 7165
1 7693
5695 2391
133 7079
874 3559
9418 9383
2344 8335
6160 1111
1090 7268
8754 333
3957 7046
7195 6340
1323 1698
1414 7925
1318 4023
5720 3615
4939 7319
563 7921
9301 1807
5049 1373
9814 3695
2520 1904
3580 8234
7397 9598
2882 6060
963 3664
5949 1499
4661 3042
6404 9183
3669 4162
593 9037
1845 2523
7158 6639
9166 389
9130 5320
560 7644
808 1038
7174 5597
8232 3182
8719 6601
8339 1876
7375 144
8711 6510
6640 9201
5199 4305
3119 9033
5779 4445
2203 4811
4454 8690
6664 9766
5820 5338
2140 1203
36 8573
2394 5253
4844 2909
288 2456
5670 3007
5784 3906
9799 7978
2709 9670
8648 4214
3463 6732
4210 3969
9772 3022
5840 6234
6276 8056
2240 3751
6860 2092
335 1745
2999 6423
345 6675
1279 3846
4468 4781
8653 3749
1904 8527
5083 2587
7778 8365
2531 5211
6561 5278
7408 7514
5892 2318
5464 2894
3003 8034
5754 3264
7347 5612
5719 1999
1648 3262
6098 4252
3162 9586
5223 9017
1528 7081
8644 5440
9264 5870
3506 9280
3138 7231
7999 2342
1063 8824
6893 1714
6290 2244
5924 3895
6149 4323
9111 247
6064 6257
5080 4189
4152 9578
279 3362
7501 4465
6068 7625
4672 5673
9958 7789
1670 9523
3075 6573
8022 1182
9206 3392
3017 7345
313 4266
2875 8527
6450 3075
2800 2543
3271 3451
768 8033
293 231
2844 3214
6620 1728
3888 8068
4193 291
8848 2789
7430 6427
8036 838
7211 7540
4164 8136
8187 8777
9194 9491
8406 7510
6705 4022
8833 1828
1938 6717
2488 4885
5262 1870
4777 9514
8067 2832
5851 5547
8163 5570
2575 7401
7707 7334
8719 3567
3417 6384
8938 9866
1 4748
194 5938
323 6506
3164 4434
4698 8646
4317 5122
1033 1726
3095 7546
6093 6884
6860 5233
6739 5683
6787 8662
829 150
7709 4874
1721 4246
2401 9083
7762 5460
5952 9922
6736 6143
7331 1202
8397 6616
8763 70
356 8898
2906 4211
493 5891
5684 3980
4792 8707
6376 6893
6377 823
1896 3925
7503 8342
350 4948
2115 9936
9040 9662
837 706
3685 2932
1312 8911
184 804
692 774
7476 1806
6676 5519
1416 1452
2977 8770
3592 7703
6911 4295
4216 4183
3814 6567
3914 2127
7849 3121
1292 5457
7792 6089
8962 7267
2586 8689
954 3957
8298 5727
5114 2067
5372 4553
5975 8032
5612 9150
6909 8648
6906 2252
6334 8944
9003 9140
1544 5154
2748 1543
7727 8057
7180 5932
1297 107
3802 7316
7661 4667
7451 5850
8302 3145
1872 8203
8370 6553
5823 6938
4798 3390
7756 4643
7344 1094
2787 1576
5505 5492
3424 3282
5748 6323
1394 7697
8027 8220
6176 9384
8903 7164
7620 6816
3710 9891
4029 5070
9165 3747
5226 7221
3373 280
5785 578
2698 9047
3347 1924
6170 1408
6127 2682
7272 6811
8637 4759
2119 408
3973 3141
280 1975
9021 7191
1974 7367
8744 4198
5526 220
8294 2108
8709 6340
6212 6898
5849 1817
6692 7801
2780 900
9015 1760
1777 1392
4175 1686
501 1918
9681 7282
3111 1905
5761 7299
9019 4069
6354 8770
9145 7355
3689 21
4960 4165
418 2797
2238 8527
3663 2616
32 8319
5487 7603
5855 1474
5864 2136
8074 972
7201 4134
6198 5654
35 1311
9492 9018
5204 1547
7501 9135
3794 1934
9895 4148
307 1310
5510 4316
5825 891
2782 2484
4476 1520
6345 4985
2226 6342
4532 8890
8380 1581
6150 2379
2492 8523
9746 8276
938 9567
143 4421
8146 3054
647 8148
1099 8860
1814 1184
8324 7697
9168 7401
7727 7561
5105 3238
6007 5616
7971 3708
1152 5888
8853 8395
5213 5944
3887 9543
9917 3892
4571 9714
8479 2989
5686 2044
992 371
3290 6099
6848 1163
8820 6827
398 7504
6365 4500
2961 7634
6011 5862
6985 155
4282 4444
8767 9387
3354 8400
2262 6766
1451 8745
6208 7346
1332 2747
2490 4296
4319 8620
2401 8804
5974 7765
5231 6615
8647 8540
9278 723
7720 257
6400 6224
1850 4045
3539 5519
9414 7295
8518 7981
8982 5627
7068 4543
6048 5006
458 3816
1260 771
5561 8183
6676 1230
7605 9280
3011 8202
8708 8233
5342 2087
9140 7005
5516 13
9415 6406
8526 9793
3505 2412
6256 3634
2708 1159
6491 3388
3049 3049
3180 3729
957 7309
6864 8524
4621 5132
9344 7205
6326 727
5644 3974
8145 9720
6635 9053
2709 5336
5390 2809
7089 871
327 9048
2409 8418
9158 6683
9795 1735
4202 1056
8031 9536
219 808
4415 2945
597 2858
2333 5443
6611 6799
5281 6858
9431 6490
4106 8021
6132 7108
9738 4178
3772 5273
3902 3593
8147 2283
5586 4926
4881 198
5597 4482
3572 3634
7245 8142
7075 9592
6795 3893
282 7950
8987 2739
9996 8252
4364 6436
6975 3916
7148 3516
4657 417
9289 9070
5273 5214
8103 4669
2347 8324
3487 903
4028 5537
2586 5849
1800 4241
1890 3908
5735 7033
396 4139
7300 4930
5163 1389
974 3758
3601 2969
672 4727
5767 1986
477 8016
802 3086
8181 5164
2593 2309
6421 5874
55 3349
5730 6478
7136 9191
3595 7656
4967 9961
5132 5933
966 5092
1605 4738
6800 6721
2471 773
1548 9567
391 9304
6400 3200
8371 9271
7486 3952
7359 4375
4193 7337
8327 905
2768 2070
8639 1047
9505 2338
8708 7969
1289 5444
6256 8539
4301 9955
7267 6973
9149 1679
7133 5699
5103 7833
7067 3641
2280 7272
2029 9422
5568 5284
1102 2521
3711 2343
1916 6562
1006 7154
516 3207
401 4689
8987 3607
9052 8967
7652 6451
6550 9680
4170 4225
9003 9766
7234 6084
2436 1766
5504 4998
8748 393
5168 2792
2624 3534
4836 5507
6911 5875
7858 6617
1324 7617
3671 2260
8982 8542
2874 1096
6415 1225
8850 1220
9571 4789
8982 6912
3029 5466
1176 7671
9090 4161
7332 1652
3356 2987
8578 3254
3335 8215
74 9605
2319 5330
4356 8768
4696 1951
6731 5724
6523 2418
4831 3082
7573 1648
8815 3736
6479 7388
743 3931
7687 6406
568 922
8617 4511
5574 5018
1233 8129
9969 3314
7450 7626
6014 9441
9019 6940
8866 3029
894 5839
7325 9103
8327 4981
9772 3234
8496 3044
8884 9423
3902 1347
25 980
4762 352
2535 9886
9847 5567
1575 8582
1123 4757
6641 3868
7029 6146
3293 7443
5305 7117
4481 6485
2024 5053
5502 2950
3222 5694
1176 6
7355 2971
2655 3482
2957 252
6825 6210
700 7310
4924 9063
6910 722
3323 1051
5556 7186
5359 3625
2368 842
277 775
1956 9752
7515 9607
5498 8976
8728 4654
7239 826
2715 3416
9794 6364
7907 4489
6298 5409
3169 4213
7950 7848
954 2901
8677 582
8162 9264
2365 3500
902 3416
3753 1585
5652 6773
2943 5325
6805 4164
9258 8737
8108 7612
2410 3256
4069 3082
3997 1000
641 4724
8214 7862
9833 6794
6299 7413
3634 4399
5421 6549
8656 6670
3495 7470
8725 2250
926 8029
6164 2330
7620 3456
6661 8953
8873 9384
2022 5377
7167 7238
7976 757
1478 5535
3420 4239
7501 2425
5778 229
6663 3951
7655 5485
7367 2369
1203 271
9711 4466
6594 7221
8372 4438
3268 8843
604 6747
4767 5180
475 6234
112 7907
9017 7241
4411 2503
6516 1609
5256 9635
6189 9263
7315 4182
7117 3542
8034 5603
3330 3262
1764 1119
5376 2223
5225 9079
577 159
6608 7913
2073 8219
3074 3853
450 2702
5326 3684
5396 6856
1715 9475
9344 5684
8622 2764
6714 8804
1435 8410
8911 2753
3513 9858
4757 1186
6174 1274
5067 3670
4915 7689
8135 7140
4516 2602
9136 5416
4428 7001
7853 775
4515 1147
7094 752
6474 8607
4832 3925
5240 3182
3904 5289
7916 665
4929 5180
5433 4192
4558 7557
8006 1975
9132 8121
1881 4505
2049 7187
7947 552
9284 8185
6382 1683
8249 5843
390 8358
8182 2763
7228 4266
1416 6665
9842 9599
3377 9120
2113 5930
5860 3140
880 4234
38 8278
7573 9421
775 942
2822 8980
736 8297
8917 3837
1491 568
6022 1365
6516 2486
4611 3970
9035 9874
1951 1646
514 472
5803 9247
4844 7676
5123 8418
546 9439
5785 9502
1288 6400
5275 4854
2178 4756
3547 2919
2706 1468
6959 7434
4109 1545
9892 3913
2232 9495
5923 1621
347 6762
8318 7410
4699 2053
8777 5805
2532 6549
9541 1590
6683 1623
8828 4798
941 6964
5346 2000
2966 815
7866 3660
4348 2791
2948 5420
3403 4065
4039 7705
1599 3153
3604 7725
5183 7838
5168 6712
5694 1476
4473 2302
6628 2403
7280 9636
4185 748
6637 7062
9788 6179
9982 3271
8508 1307
5635 7320
8882 7956
6927 2776
5815 1342
4035 9253
1605 2677
7846 480
32 4933
705 4827
645 1749
333 4229
6157 1209
3171 4236
9039 7968
5576 7091
9512 8319
4740 713
1405 4028
7681 1839
1917 2993
4666 6383
193 6670
8170 3683
1102 4485
6049 3252
740 5188
8379 9847
5792 3370
4249 2270
3867 3026
6052 2529
5581 8927
5016 694
8474 8963
7631 7068
4021 530
3028 276
5870 4891
5804 2846
6366 9020
6901 7896
3400 2787
515 4619
4089 4974
2744 23
2792 8874
5049 659
346 5128
4632 7292
9187 7715
6353 30
5863 7862
7967 3090
464 7327
8996 7983
1250 121
979 9703
7439 9591
1563 7096
5733 4884
4664 342
8583 2728
2253 8915
7311 4801
8645 3015
1799 3604
4078 9115
8128 6287
9195 3169
2993 2007
9431 8925
7077 6490
7189 1257
9955 5616
5217 8973
3457 8922
9935 3372
7521 4588
8748 9116
9456 2977
2020 7665
8089 7299
4162 192
1436 8024
7886 9951
2294 2428
4382 9909
8474 9132
8918 688
8801 5858
7385 8003
905 2883
4561 7796
4996 250
3182 2085
3907 6813
3138 9562
7728 137
3819 5944
470 4205
5853 538
2419 9427
6507 6855
3300 8110
2759 7032
3987 250
6592 251
1449 1751
8829 6377
1248 3313
4201 5053
9421 6454
3679 591
9774 1290
6250 6683
7630 6215
2846 7463
375 5269
1619 2506
1574 2760
1463 8654
4206 9261
9579 1602
745 4589
2802 9981
1010 932
4805 7871
7500 8504
1651 9789
6728 8957
5108 8881
7253 4451
2544 7457
4399 1306
5980 6041
6308 6848
2600 6770
6059 4448
4778 38
6889 1353
3855 4145
1016 995
568 6465
4446 4190
7699 9601
173 4088
678 5820
525 62
1811 9164
3231 9342
61 9519
3512 28
8401 678
6113 7301
3748 8807
3280 5239
4458 23
5262 7528
1811 3231
4168 983
9832 7081
4896 9847
4093 8043
8255 4804
4982 749
2108 676
8556 5096
3997 5798
5925 5436
3405 6160
3564 1950
7176 3651
9643 7838
209 6067
8614 6063
7841 5852
6895 7810
9426 6400
3439 4859
6306 2486
3379 4505
682 5490
7635 9464
7252 5745
2601 4652
1269 9262
4406 2295
679 4500
7119 1869
944 3015
1693 3918
1885 108
4567 3603
3836 8356
2561 5028
8735 4604
2792 1413
5144 5100
5705 3210
9293 1808
9000 7341
7092 2991
1209 8429
8853 6525
8780 7408
1394 6962
9885 5963
6503 6741
1856 4028
8111 9839
1542 7734
1904 9694
9307 2599
7909 2342
4581 9137
3680 2182
7738 9049
1935 7999
8775 5872
6972 7061
5162 6564
8861 2146
262 4614
2393 1574
7645 5615
3444 4981
5163 4280
2580 7860
4399 3185
8643 990
1419 4640
1663 7888
7292 1515
6450 4660
8972 3048
6658 7475
7819 1715
5718 2814
4654 9511
5873 4466
7220 601
4240 882
2122 4894
2417 9642
3100 2409
9302 4460
2911 8505
8053 5135
6009 5734
4519 7609
1331 8921
6282 2991
2810 8591
6103 7029
291 7863
7124 507
9923 7211
529 8273
5985 728
5626 9236
1435 2647
903 6799
7095 5976
5517 41
3485 1015
6122 1386
5312 3784
3052 9799
6399 6269
2507 7009
8984 299
1876 2178
5307 5086
9497 3010
9678 4602
4432 7138
9586 6730
6661 2187
1916 7602
1561 7045
8527 2796
304 2300
1061 5377
1667 8908
436 1376
9850 3748
537 5393
23 920
1819 6327
5294 7703
5286 9928
7845 9576
1476 974
5530 7235
6582 2041
5172 49
79 1329
9626 2971
2269 4453
1360 7379
8739 2467
1932 5236
5150 7346
5593 7901
1966 9819
4057 1807
5615 1931
5848 1348
5137 2589
5710 6706
3699 4499
3440 6102
761 6807
4902 7730
8662 9425
8561 9257
4421 4006
5414 1448
5545 5900
3682 8019
462 5715
5173 9465
6103 7058
9904 2035
3724 9172
7103 3934
2327 757
6621 4351
5843 4195
560 1084
8166 1603
3511 6323
1728 1828
5104 4665
7446 7159
1290 7957
2232 6678
335 8136
9240 1724
5130 8339
7413 940
2530 1723
8106 5715
8185 1269
9368 5201
6249 9158
3926 9850
8418 6579
7580 9815
8113 1581
8246 8846
9837 644
8566 8182
594 8298
8715 6390
3229 3883
9470 4918
8319 9547
2176 5638
4141 5276
7296 7118
5553 1349
287 7157
9379 1524
6603 2843
8280 8021
9771 2525
6751 9483
1474 6454
4089 7429
1586 8405
3178 5897
2274 559
9326 8706
5836 9427
957 1712
4313 3914
6829 9651
9208 7547
341 6216
3982 2212
6359 2691
3212 2986
5429 4280
1114 9110
6653 390
219 4769
5418 6055
4796 5425
9410 6958
8295 5460
1050 5991
7951 8253
1537 1542
3803 6396
3121 9715
1085 3039
8963 4323
4021 43
4761 8581
2055 5421
8929 9894
3791 1721
532 4073
9684 7243
5204 7193
9504 3193
8441 7076
3166 7222
1157 5765
8761 4059
7670 4637
4907 4416
5479 6281
683 7101
4420 5680
7732 9324
9693 759
626 2065
6259 5844
2967 8546
5301 493
3045 8962
2029 7212
603 5049
3850 1989
1372 3698
8994 8461
496 4554
6132 1187
1035 1527
2973 4530
6987 6856
7225 5072
8851 825
1467 8497
3716 3613
7050 6283
5760 4886
1836 1267
3195 2598
6329 8176
8773 6325
8368 2629
4895 5068
40 3961
2311 2068
3777 7923
6875 1437
1843 1525
2749 7408
9352 5595
7022 8741
7693 3773
1734 4805
4280 7707
5481 1956
1270 8844
5118 6975
6759 2355
1064 2995
4785 7969
8808 9174
1890 7899
5997 7445
6210 4488
1409 3849
4368 8766
2777 9838
5740 2995
214 6155
627 1282
4116 2757
1814 7116
8657 7789
2167 3929
6524 4544
8489 1305
7788 9385
7291 8373
4118 5743
7651 6435
1797 1925
8561 9141
7098 7543
2874 4092
7887 2342
9102 9945
5969 2141
6759 1480
9903 719
941 5322
9507 9866
2754 8752
6022 7377
4823 1567
9882 764
8486 6657
745 5362
5922 2377
3956 7708
5335 8782
274 2174
9575 4250
4874 624
9288 5856
5598 3709
6996 1154
2919 8337
9723 9070
5834 388
8012 6029
5749 5003
5427 4864
254 9731
6462 886
3133 4019
1847 4610
1754 8688
7995 985
3406 2235
2604 5684
2090 554
1893 3971
3554 9999
5920 7960
1299 7431
7187 5962
9972 7312
1133 8816
1431 2422
5217 1557
4919 8290
9533 2416
5980 5985
6771 4680
7626 2210
6505 230
5525 5001
6508 7826
4479 5940
5251 7010
4190 1320
8195 1180
8899 7734
5402 1817
2034 6634
8707 5076
2032 5793
6876 3261
4339 3850
8496 4610
9387 5293
2419 1103
5622 9029
6359 5125
5902 4985
7495 6345
5610 3923
666 329
4208 4104
9017 8921
6108 5834
7901 1370
9713 4047
6485 5602
2518 9388
6085 9666
8907 1848
6745 27
2509 2379
6205 2705
3337 1444
3111 9329
4142 5176
395 964
783 9801
5753 8633
4959 5589
86 6814
5048 9029
5530 742
1204 6638
9031 9481
9662 7775
4851 4243
5699 3257
2370 9507
9526 4742
8334 9091
6965 5904
2371 7843
3438 8933
1378 2673
440 8132
8308 7595
5407 4163
2692 1470
6715 8819
7954 2968
5649 3030
3448 9726
4926 5880
9808 8709
6413 3406
9958 3768
3623 4285
2156 3422
8514 5748
5709 4212
2739 1239
9818 9157
1788 6057
5738 8785
5213 2030
4017 6705
5413 2031
141 6831
5689 8383
1067 9978
1940 524
6031 4357
7744 2322
6428 63
3469 6822
6738 6333
298 6546
4744 4880
8552 4383
591 1899
1625 7089
4915 4810
4457 5831
5328 1965
8743 1076
1192 2869
7533 4169
3222 5759
9355 7819
680 9656
4301 5109
5312 1107
1353 1527
6122 8708
9510 1258
5161 405
3391 8954
1119 2007
5773 5355
9288 6155
3246 5513
60 9565
4141 1365
2268 5873
5592 2509
6038 1109
743 3803
7262 8519
1276 4582
2636 8343
1542 6988
3188 9221
505 9113
8684 403
820 8218
8237 5626
9730 1508
2676 1474
6788 3861
3273 98
9663 5287
7876 9944
1017 298
3497 9874
9282 1983
8544 6710
538 3593
6433 8865
9076 4767
4885 6732
4410 4518
9711 1713
8281 9778
6400 1330
1860 3155
8005 2346
1170 6420
3328 4418
6596 5097
9119 9407
9023 7649
6342 5274
8966 3728
2809 5032
2341 4887
7555 4031
4211 2730
7643 1042
8465 7920
4746 5529
3191 8726
9810 2932
6648 3485
9292 5656
3888 1742
4854 6402
6949 445
6479 6737
8939 8167
8930 8576
6378 2146
3633 8214
4151 8401
9292 8504
6497 3979
9557 2757
8041 187
2970 3406
6769 7048
2032 2062
4938 490
5102 901
4009 5306
4406 6786
9193 5600
2245 2161
5815 4144
9616 2557
1408 5670
8565 6416
3888 4493
3205 5347
874 324
9156 4022
178 6502
2561 5159
308 2402
2325 7303
5094 9990
6755 9684
6213 3746
4053 1494
5548 1441
1983 1665
8138 1327
6677 8242
2441 2665
5042 8828
4203 420
2553 8593
3441 9231
1712 157
8540 284
6940 8517
9544 6034
8156 8901
1186 7430
6179 8988
6172 1764
7712 4625
8806 5396
7737 5296
8798 9883
463 4647
5844 6807
2704 4000
4633 1380
6052 4393
5240 5929
7158 5172
7693 6944
1533 625
7826 819
6684 9505
1192 8119
1494 1129
8745 8486
9704 103
6452 7758
5917 7067
5136 5014
3925 5582
9928 4595
5430 555
435 5064
4972 7068
2936 7059
4638 8203
6604 8086
525 1688
7865 9833
4286 7375
3278 7590
7297 9526
643 2515
4464 6142
5134 5779
6362 3944
2062 8931
9622 2496
3499 7187
4737 8934
2727 4801
7400 4474
9110 4900
6169 9975
8163 653
278 8040
7719 1566
3655 9494
4573 3402
6637 3748
4842 2409
1869 188
2632 8683
9045 4873
8167 5437
5479 7061
9437 4173
3233 9490
144 8859
141 8291
9458 2754
8291 7767
9738 3386
7244 7735
9391 9363
5241 5069
8206 9300
9893 1143
2690 3269
5577 9578
1865 7620
2961 2682
7994 2321
6289 9483
4950 8565
7931 3141
3831 3657
4834 8719
8922 65
7006 3063
1243 7393
3064 3433
2518 269
3587 5792
8675 8660
7013 2074
7149 9585
2905 6664
2443 4124
2195 1046
5960 4471
6537 4121
6175 2773
7746 6729
6484 861
9012 3221
2271 6323
5150 5143
231 8373
1098 9423
9018 1933
8255 7308
5366 1967
5033 501
4693 5663
8176 7777
1195 9428
4384 6635
6856 5503
8524 8862
7554 5130
4335 9110
770 3375
1170 7312
81 2975
4309 855
7964 3669
5171 3984
2871 248
6062 9318
9415 2075
4973 2059
8950 8429
5208 3712
5831 3011
1035 7664
739 2196
2321 8165
9329 6758
925 4942
4816 204
8148 7472
8861 5259
6013 5697
1895 699
8497 7789
6969 6986
6128 6020
4363 2241
4432 7259
3472 9580
3252 4220
8908 9762
1185 8349
7932 9235
2010 6714
3170 3150
5932 39
3107 2161
445 2955
6842 4649
9607 3604
9154 3180
4056 6710
7436 6507
3261 527
7479 3125
6172 6148
4870 9618
6343 8204
9250 9967
4762 9939
3538 6608
9112 3077
171 1582
5829 4862
4346 442
5888 993
9544 1890
7822 8320
5177 3518
2438 5052
9667 1045
4670 49
3765 4168
9370 8609
6254 9143
645 3420
376 3590
146 8988
9701 2394
9456 6410
9161 4879
5047 2233
2451 8070
7810 9749
4057 970
2618 7568
1894 5240
4798 3725
8611 580
8867 4611
1465 3309
3093 6747
3163 9578
7194 1525
7855 344
5546 6973
7253 2666
6699 6542
5294 8979
5178 4514
5108 186
2334 528
7468 498
7540 831
4338 1792
5514 5890
8313 6672
303 879
7156 3737
1919 1167
1980 674
3527 8351
3520 4955
651 4764
4588 7660
5911 8140
7343 8409
6463 3544
6590 5308
7003 5408
3257 5798
1338 4071
9300 558
9432 3854
887 2154
9774 2742
7115 3484
8988 2682
5775 9315
4247 4034
1459 7957
8657 8398
4228 1410
5316 5532
3138 594
3381 9959
5784 7664
6090 683
1816 4354
2452 173
5071 9627
4468 3275
205 4165
3637 7485
8876 6608
1146 552
7032 5177
9180 2361
6062 9062
1720 1568
8993 8810
3644 6930
3719 4572
9072 8679
2633 1695
9788 4903
8530 4920
674 613
8108 7186
9009 6988
1701 2238
1770 3274
3686 9991
8106 2094
2928 6533
6934 2299
9612 8702
5473 2967
6194 1637
4865 5994
3833 2102
5678 968
9509 1859
8311 5992
2092 7804
8300 8504
344 5596
2638 1837
5902 9595
2380 3174
3227 973
3200 6522
7629 6109
2046 4459
1026 2227
4753 2425
5447 1076
4512 731
7700 9159
8 5111
8570 5917
8889 9202
203 1502
2821 3285
8719 8169
1020 4716
2081 7924
5735 6784
7471 4839
4622 3960
6298 3896
1844 9446
278 7115
4986 1278
890 7499
9421 454
6550 9337
255 6533
1209 8938
8351 1771
1702 7726
731 4883
6226 5396
9641 772
6908 1697
7558 3011
9706 5725
6321 7669
8355 7870
2496 1673
2172 77
4917 6108
6867 6629
1651 9743
9522 8839
4081 2960
1292 1305
8127 5178
5389 2323
7827 2011
8302 7035
4460 8156
9947 3864
6318 6535
6336 9841
3487 4742
3613 7561
4287 5774
7072 6122
4637 1225
8272 1594
4489 1725
796 1299
4793 5416
5206 7053
228 1726
7600 8233
7569 7897
3137 5653
6886 407
445 9011
7000 1141
8897 8647
4259 4684
1099 7712
1904 1000
5076 2039
5676 3349
8938 6762
2298 6717
1434 5744
768 1046
8814 6834
3431 1574
2004 1005
8311 7027
7811 3832
2491 6379
6967 744
6459 9847
516 5533
909 6246
6484 7137
2565 9629
3291 6240
8244 5354
6027 8671
9897 7744
1590 8816
2300 9732
3730 7312
4055 2187
6525 7182
9349 8148
5351 103
6494 2250
9834 4863
6113 8391
512 6737
6713 991
6540 9617
6522 6060
4485 9241
4043 5746
8853 9458
4800 6694
2697 5538
936 3492
6673 9820
1295 5670
4645 1901
2561 2845
6947 1626
996 8794
4977 9519
6959 2064
8490 6757
4142 955
8859 5740
1498 2432
2683 3719
9958 728
7341 8340
3500 6786
8455 2508
4070 4695
8927 3742
4227 970
5329 3974
5330 4958
9380 5609
509 9251
2563 5839
6157 1184
9129 4479
2895 7984
3743 6147
2762 3213
4984 7258
4424 3213
9739 5377
7370 6052
3766 7293
9129 2070
7810 9562
4087 115
1550 28
9540 4947
424 9671
8668 3770
5296 6190
5065 7869
5942 7119
3546 1919
5510 6377
8659 8495
5241 5122
7680 9231
5999 2296
1505 4150
8417 5879
8790 1200
3065 1579
3395 8078
8741 6024
3774 186
729 1952
8588 7177
8322 122
5666 6322
2951 9324
5693 2442
1766 2285
8936 3764
4027 9973
5010 5132
9261 5787
7146 5991
6252 6710
4842 3106
8533 2741
2138 3672
4766 9150
5289 4011
336 891
6692 7421
9285 5078
4509 1919
1696 8866
2362 501
9756 2612
6502 7160
1414 3603
8097 2949
9576 2233
5023 46
4033 8825
9855 9698
144 2340
9086 6797
767 3977
6649 5486
882 417
62 1684
956 8084
8641 9449
6169 6984
2833 4233
4286 3080
3682 380
9718 6371
7684 1090
6034 4795
8913 2551
1221 3335
8061 6127
8179 7152
3109 4775
2785 9948
2180 8072
645 5902
3379 3821
8800 3990
5084 4620
9583 1653
885 7986
8307 4649
7215 1740
3481 8099
9536 4536
3021 9065
130 2478
168 6677
4895 8590
6492 558
7680 1540
39 9111
1086 9259
6562 1916
1311 3470
7440 9981
2845 811
8877 8252
896 8825
7837 2275
456 1152
9414 8435
5648 6315
1764 2771
7701 4105
856 3752
2706 6511
5694 8120
9541 627
3527 9162
531 9298
2641 3911
9025 8560
5498 4679
5167 4126
7500 7216
4097 6404
2507 8597
759 5669
2263 3369
4724 7413
3055 3850
9650 2570
5640 9852
3154 6252
8025 1190
8002 4448
3015 2902
4014 5119
4718 7111
5097 6379
9690 5224
9055 8523
2152 8473
9658 7864
7110 6211
8636 5637
2066 8718
9231 7940
9630 5412
219 721
5934 3897
1600 4537
3476 3444
359 3718
9616 864
1816 955
5940 4061
3132 4348
6300 8446
8631 8174
3808 8980
8095 5993
6285 33
8025 5623
8722 557
2727 2417
6907 5261
6876 1484
2742 333
953 4726
3134 3750
3928 9728
6553 2056
4612 1911
7422 1645
2762 764
7770 1050
6266 5980
2695 4737
9705 1542
2675 5900
7796 8723
2562 1907
296 7718
747 6705
9622 3889
5017 6264
23 8619
555 4488
7684 1949
5445 630
2727 9890
482 6147
4767 9109
3995 9365
8041 3743
8667 3427
713 3749
9346 1792
9053 2465
7992 9280
364 4811
5596 8881
9932 5888
376 7681
329 9973
7642 8772
4029 5559
2351 7998
6771 6527
1294 4375
4764 346
2827 9617
9561 2673
4825 8089
9468 2206
6637 1059
8029 3435
2220 1934
1606 4186
7260 8915
7126 1601
1074 74
1315 1890
2432 9778
900 1714
4585 7681
2885 988
5584 8578
7065 8090
2073 174
4147 5903
4954 9884
1759 2961
3897 7074
7406 675
1656 3291
221 2650
5496 3275
6089 8786
852 2153
8464 1046
2560 6336
8492 985
516 9489
7044 5453
1033 555
7690 2311
2790 3794
3477 2890
5203 4997
8465 72
6372 6450
5189 4005
324 1918
3213 7573
9783 9962
4803 2668
7594 6573
1523 6993
6042 1291
7910 3663
2254 6663
6327 8660
7177 146
5070 8006
7641 5906
487 5702
7138 2842
7201 2535
4330 998
9261 7625
8424 2149
4962 5864
4691 7220
9748 4576
7138 5420
7245 3113
3864 3038
3094 8156
1298 844
7235 3844
1698 8346
3190 4212
1575 359
1764 7262
3928 9542
2387 1164
4982 7220
2208 3588
4357 1361
5723 6822
1919 9658
4628 9393
5414 2393
6119 6632
4902 1604
1470 8428
2735 1112
9462 8879
9866 1645
6955 9745
6675 6014
8774 3434
1256 1870
9111 5896
3177 2254
1085 7440
9383 8133
7932 6729
7800 7301
5621 1769
880 4834
2744 7858
9911 2251
2466 4680
1068 7994
4275 1092
1279 1793
6853 8884
821 5741
1154 4465
1641 2048
2853 2865
9241 6553
8491 9257
6872 5490
5718 1993
6129 5853
2136 968
3006 9894
2166 1867
6388 1155
5467 327
3016 9547
5302 7601
8380 6842
2375 3345
8578 7229
4680 6837
3553 5019
4309 7933
5594 8442
3231 4497
9049 496
2071 1423
5051 3738
2476 3924
5692 269
8325 8094
3304 9101
8123 3673
7261 5358
8266 6115
7562 4872
1723 3972
4950 3121
5673 3686
7018 3975
1936 2424
1638 8971
7706 175
8311 3926
6135 5232
7268 9072
7119 9401
9013 4628
8651 1900
7910 2265
5955 2335
6759 5542
7712 1278
5029 5593
5148 8830
3113 7621
428 229
2286 1350
5628 5444
1300 7489
8037 8828
539 924
940 7613
9078 7567
3774 6601
5182 5523
7134 5050
3457 2332
6693 3288
3918 6985
3121 1467
1410 9836
1232 2609
4941 8963
4658 7290
2037 3150
1271 9282
7211 3705
5880 1220
5902 1577
1340 9620
6120 175
5038 642
6754 4943
7980 9515
1147 3568
3781 6378
2313 9538
3031 40
81 8511
2227 4362
4145 5770
3710 5682
7741 5874
4777 5442
8865 1716
1172 2845
3833 8247
3931 182
8986 6944
6463 7512
346 8288
5627 2779
1426 5133
5110 2703
6304 2589
1504 8039
9144 7132
1631 892
9123 2029
2200 82
1537 6860
8484 3023
576 6743
3229 3858
7786 5642
3438 7235
698 8692
6181 8547
3667 8178
4493 3292
2092 704
3078 6492
5666 8720
5867 5712
7867 2432
5083 8147
5210 3475
7494 7739
7383 6100
6840 649
8096 2115
1463 3499
9308 5320
9048 9761
5126 9054
2491 3580
1708 2822
5060 8635
2838 7044
3510 4357
9255 6647
2810 6015
7246 2287
8447 4685
4080 7292
8992 8865
1433 4046
4301 4909
8193 4545
2663 1171
5483 1952
4425 6778
7477 1916
2501 1561
3376 7741
6066 3894
9982 3301
2223 1509
5839 6677
6670 4615
3168 9880
647 8178
6915 3855
6657 730
2677 3566
2139 392
3180 6926
1910 5825
2608 3917
8846 9011
5987 9406
8001 512
4882 7953
9861 8198
600 5681
8776 4199
9541 6507
9335 1880
1254 662
4475 7458
7703 1211
2688 3988
7161 2892
4903 596
3372 7842
3450 1804
2877 6395
8053 3271
2304 1570
5803 2654
2675 9965
5146 486
5064 7685
3753 5283
8523 5909
2299 1438
8865 2558
7799 7094
1724 3851
8795 6272
6191 5297
2325 2130
8436 1088
1406 8085
2512 4126
1194 3401
6746 8965
4932 2689
478 9665
8099 8307
2727 3481
1696 2167
4221 1474
3323 7465
3706 4456
8291 6736
411 8102
4049 8226
6351 3627
9332 4532
2229 6216
6414 8863
9243 2050
2 7465
3549 9072
9588 6355
7341 6907
2723 1122
7625 7718
1427 2657
645 6716
6042 7069
4195 7622
9536 9807
2476 7338
5424 6645
8294 7826
2634 1997
8055 3664
6864 5865
1069 4141
7741 7697
5407 7141
6149 3561
7816 8446
8054 2255
2143 4517
9137 5138
8080 9724
578 700
9359 6876
8807 7017
6119 7534
986 4732
815 6797
3983 6656
2511 7611
7180 1098
8489 2966
2148 5645
6353 6796
838 5915
6423 8821
1473 7988
2702 2717
8173 5253
5734 2647
7900 9176
4721 3540
2241 3603
829 2935
9589 7648
8460 6955
2510 87
4530 31
5874 9836
8342 2027
3141 7607
3425 6419
2040 641
8465 2664
6722 3363
2501 8911
2225 7362
4699 6426
1495 298
911 2312
4146 4216
2103 6783
9635 2333
1461 1025
8890 323
1984 7098
5560 7137
3026 5186
4823 488
7436 9452
3578 8965
863 6894
3848 2907
2689 7570
176 5163
4798 7896
5711 9614
4876 3677
837 3043
4381 6061
4117 9374
7244 1872
4498 8989
5290 4114
3572 4802
2237 5669
8314 8473
6697 8513
9463 5859
8412 4794
5857 8302
2320 8744
1792 4858
199 5675
7594 4311
8432 3169
9949 8513
4116 5707
9658 8927
1035 9305
9571 8685
4231 9583
9083 12
9988 5606
6237 6241
6032 8871
5491 1408
6940 7441
9749 5491
5657 5704
9909 564
9423 649
8126 5553
2361 7226
7621 9217
124 6894
5564 8142
1627 8098
3795 6835
691 1089
7699 8714
136 1079
1097 4442
3341 1560
4955 6962
4888 9436
7680 1330
8433 7845
9728 4536
5232 9581
9376 9705
2283 2589
7641 5741
2796 8973
8582 6603
4648 4261
6864 2801
9246 5062
2984 7122
1772 1149
6621 6463
7510 4230
6282 2572
4220 8825
2516 7086
7078 5862
6413 2788
9722 6812
7960 4446
4667 119
8219 2743
6328 7982
8138 4747
3558 264
7827 291
4567 3064
4731 4595
5419 7580
8686 7319
2257 8446
2410 9249
4305 4205
5206 4260
2618 6983
4341 8548
461 7810
7334 55
5205 7268
4769 2235
3352 6545
808 6848
920 1730
1466 6413
3114 5841
4542 2492
3043 2233
7637 9165
6893 4027
7360 7158
8420 8524
1851 3858
9830 9724
5959 5402
5910 5854
448 3844
34 5561
8778 5455
4251 957
1841 5450
6760 9345
6207 9442
9017 2694
9519 6742
4683 5959
7511 8119
1656 5678
4685 8506
7261 289
2725 4981
8077 3973
516 8088
2881 501
9823 5869
652 7882
9223 7415
6321 9376
8700 4943
417 3782
1827 6276
112 9525
1110 1021
1199 1299
9968 9789
5586 5647
8710 9441
9707 7150
1071 5840
9059 1883
9696 3480
7416 4656
1128 2559
6588 7439
2534 7541
366 8446
4516 2019
9403 738
4967 8976
216 8196
2015 7224
5316 8525
3870 6805
5915 1822
8489 288
5927 8518
3079 2311
6499 3353
4620 7109
5138 8551
5377 6262
8751 8710
1886 3977
6711 2154
3358 2903
4666 5063
9544 1017
1068 1674
4975 5940
2052 1137
4899 9845
6406 8114
1665 7716
5129 397
5377 186
5186 764
2065 7562
3348 9492
4500 1176
3054 2574
5025 1081
1628 9902
7610 4765
3880 8129
8122 6366
4060 9884
7465 274
533 6590
52 626
6039 1432
3803 5919
6649 5515
6776 6932
6442 8887
5255 6059
5337 8393
6281 5062
8637 9666
6444 7722
5343 6109
1633 2135
6835 6158
8203 380
3267 8143
1748 3243
2678 8962
7622 8387
3127 3522
8195 6112
1127 5545
938 2324
1471 4700
8249 4775
1247 2753
7992 7611
550 2905
9431 831
837 6341
112 4536
9798 3576
4075 5872
3678 5145
1917 8857
7266 9482
5395 1037
7721 5306
3612 6378
2124 7892
5136 1387
6580 2227
2370 2399
7723 2500
1724 9762
8384 1119
8086 3145
2222 6367
4087 8952
4421 5180
4207 921
4291 6741
4798 40
1020 8384
422 5690
7418 9524
5167 3106
3621 8463
6715 4536
7968 6800
6270 8054
270 7706
8856 9803
9701 3248
6579 144
3633 9260
8518 5847
3406 3048
4531 1483
1357 5272
2550 8482
7870 2310
9324 9860
8804 9292
8555 2748
7588 1981
7127 8484
2948 2054
6456 875
5094 9248
55 3555
3143 5118
1314 8750
9981 8855
942 9233
8557 8971
6510 3933
1653 9773
9738 3988
8300 3646
3096 4815
1790 3683
4627 1209
3583 9968
1431 9737
4668 2421
8726 1224
1381 5217
9301 2367
2789 2117
3443 3156
5391 3976
771 8733
4555 2341
4580 299
9801 2043
7404 7979
464 2539
7012 2480
2497 2840
7022 8750
3710 2678
8033 4555
703 8206
5282 6627
3468 3865
6937 4383
8762 6896
8967 91
5507 7927
9233 800
6139 9217
3471 4705
885 9777
6008 5776
223 854
1380 7224
226 2702
7280 2745
9882 8238
9528 9230
5527 7993
7904 5746
9241 9357
7448 9575
3261 3074
4430 2937
3563 3462
4332 6777
7853 5263
2970 3391
5328 2145
1785 7898
4032 5502
4216 4443
7806 3433
3690 8543
40 5910
8933 7794
3910 144
8406 9726
8029 4057
4836 5881
3385 2168
8608 6842
2619 9255
6250 1488
376 6607
1432 3820
6161 9181
7545 9050
2602 8229
7659 8780
4671 7767
8591 810
4216 7876
656 6181
4419 7389
5615 6929
4320 3517
8707 2596
1594 2060
221 7210
1824 8081
7486 7817
882 9523
8987 4511
592 4086
1442 6690
2262 4370
9430 7395
4528 351
5968 9662
3235 4133
2309 2727
2855 1408
2633 92
6155 1399
2092 8958
6239 2158
4860 2717
8446 6497
8319 8141
5527 8469
6166 6233
1747 2095
5879 3587
4541 3519
5588 495
6080 350
6286 3277
1827 3262
6615 8778
4634 9983
7961 4046
6563 5779
2663 889
1296 865
7569 7568
487 4724
9173 3243
8436 8790
7106 9570
6070 4399
5558 3081
2310 8567
7372 4002
1227 8840
191 2971
257 6208
3221 9876
2305 5707
8678 4198
8665 5240
2946 8804
3106 942
6306 367
3428 8047
9189 5735
9459 4598
8300 4382
6152 319
1605 4720
685 708
5460 8
3791 9731
9016 1099
5209 5949
7064 3887
7092 7801
3855 681
9789 220
4328 5461
293 3343
2158 7777
3519 2291
1828 9661
3369 3847
2184 6522
2667 3705
8706 2935
7508 3562
4248 8776
6255 5873
6698 7666
4408 4815
2895 861
8188 1304
2523 9161
281 8910
6481 1450
8052 7915
9929 976
8142 2594
2226 2084
3273 7378
618 5131
3977 2187
2473 4558
620 10
4734 72
5053 9335
347 7674
7405 4962
506 6144
4202 8918
7214 5567
5577 3101
1899 7811
7434 9169
3865 7737
6277 2165
3398 2115
2020 5091
4265 8074
9586 6904
2071 7990
8240 979
2040 5003
6490 4557
6123 5277
8271 1071
8443 974
2479 6253
4038 367
3684 8842
1984 3404
3527 5849
1622 5960
7544 1380
4789 2150
9393 9241
8258 2589
8390 5319
5870 4876
2735 3825
5628 7208
9636 2626
7905 3298
9688 2777
7391 1487
6949 6013
9251 5757
8627 5359
6767 6643
5325 830
50 2430
6958 6070
6160 5175
1600 3881
2649 4687
6644 6706
9051 2584
7096 1922
1951 8187
1508 7478
1955 1443
1235 7235
5138 7318
2993 1807
9921 4610
8135 924
9212 7039
3307 5567
3580 4639
8229 7776
2946 9876
3251 7062
7938 7141
5757 39
1254 7199
7926 4459
3442 231
9833 2967
9342 6791
5471 641
1344 9628
543 7519
8899 1935
5512 3138
3321 623
1873 6724
373 2964
239 4944
6124 5325
2860 9598
2978 1516
2572 5503
5523 1579
5031 4879
7060 5349
1699 2598
2309 7166
9995 1652
477 6046
7294 5896
7311 6737
2687 4408
1942 2596
5903 252
2109 3778
3779 3788
6671 7376
5743 2480
6024 2313
9491 3968
5064 8809
3467 2511
1051 368
2993 3209
9581 4666
969 1716
8682 2359
3384 5533
480 2424
336 1876
7567 1707
2151 7304
4733 4931
6101 8743
2265 7638
111 3778
9997 4967
6036 625
1867 110
1393 4395
636 2054
7998 9506
8289 829
3935 1057
9108 9734
3616 9590
5102 1507
4377 4236
2268 7096
3239 6093
3616 4433
9184 2506
2131 2494
2917 248
7175 9027
6363 6796
4602 9316
3042 5893
5077 4167
2120 5753
5713 3890
7415 4354
8185 3851
9593 1551
997 9580
1366 7868
1647 2155
218 6112
3018 4293
3914 5611
9441 9662
7040 6953
1102 9886
2399 7524
990 9027
785 2131
8078 6208
972 5104
2304 7200
1353 5922
8671 9078
5835 3973
3292 8075
6404 9257
3681 8104
2170 9106
9933 1140
8805 7051
4680 5765
447 7040
9207 633
3543 909
275 4659
3830 2707
172 6490
2232 6592
7390 6174
9626 3098
2174 3278
2341 1717
5268 616
3242 5515
6677 7119
8662 5995
9399 5944
5951 7989
1417 738
307 9477
9836 1349
2063 3239
8849 8283
6707 4236
7171 2894
5928 7185
1366 1155
7500 7008
2010 439
2835 5894
2338 5981
3457 3749
2497 2649
1812 2469
1591 4105
973 7313
787 7111
679 2822
3083 6450
6047 8980
3549 3662
2075 3283
8062 9023
6410 192
3152 3186
2117 2106
235 7973
2823 2303
4655 1089
1620 2473
1616 4164
8323 3235
444 935
7439 606
8385 3185
5669 1231
475 2973
2156 6807
5179 4352
63 451
3888 5522
4706 7475
7849 8221
4924 5437
1475 7725
3793 8805
1234 6105
6528 3365
7143 9027
8421 2134
8410 5969
7957 1022
1113 4981
1764 93
7867 3491
3757 2438
5906 6411
9064 5713
184 9210
1593 3957
1899 8166
6855 8053
9623 5381
9790 4071
6647 285
1375 3354
8404 325
7134 4284
6052 4490
7425 524
1686 8365
105 6314
6197 3208
5865 2922
9256 4004
7632 4542
1332 3003
1763 4064
1192 5847
8501 589
6853 6289
8079 1655
2736 2120
2992 3989
9583 2823
6944 706
5456 9460
353 2952
641 9138
1763 4617
6132 8955
3755 1425
5000 7213
2892 8598
8608 3062
3431 7658
1856 6662
6334 968
9597 2799
2085 4989
4973 394
1980 2303
1100 7641
5113 4604
1259 9151
3038 3994
4761 4485
210 5116
5231 5516
6434 9788
1827 6571
545 5055
7664 2442
3884 1432
7965 4305
2367 6710
8228 8036
7160 5216
9514 830
3024 5899
253 9447
796 2808
6255 2344
6882 260
4090 3891
9374 3394
8277 1674
19 1893
2742 4048
7822 1320
3640 1007
2398 1749
253 9500
2008 1209
3103 478
7965 2134
1704 1557
917 5602
2990 8548
1351 2331
8635 3929
205 8549
3746 7793
2615 6494
1754 3181
2980 6704
4644 9589
7024 1853
5924 8529
324 9627
731 9433
9718 6014
6945 3222
2352 1776
4827 3299
520 7474
1340 6680
674 614
5498 8507
5874 266
3906 5915
2008 3634
6046 2376
4223 6916
1051 2583
3610 8765
7284 489
6909 2587
9569 4672
5105 100
7838 5627
7790 9699
9235 1153
8957 5950
2265 4682
267 8690
4503 9505
4887 1053
9125 6451
2231 202
2765 5073
147 4173
5330 2389
8780 8168
1355 3416
9961 7587
6786 6621
4135 7927
2736 681
9436 3643
454 1831
2328 3458
3425 9991
6710 3147
2222 6568
1443 1057
2642 4457
8573 9748
9512 7692
6434 7060
2139 9810
1577 4806
9710 1762
718 3003
513 3505
6965 9432
8344 800
1472 5207
9793 6240
5156 9853
3425 2112
2358 5684
7313 9990
2002 1788
6567 2082
9984 1662
4689 4050
8133 2642
6850 8512
4017 6396
9988 6136
5647 8741
8294 9415
3400 8570
3846 3587
8608 1574
1517 6529
2546 3387
1022 416
6344 8898
2484 3556
284 7206
2111 7054
7847 4944
8557 4226
8991 247
3468 7420
5814 2755
1005 8329
5409 2246
3387 139
4933 5898
6803 186
6866 9705
5972 9055
5144 3175
1597 9754
1245 2379
936 3995
4603 888
6558 8790
2856 9810
2582 2789
3538 9544
5696 4683
4757 1912
6273 1397
7155 2173
9918 1417
9325 2566
2199 9842
2293 6115
3559 589
2248 8726
3660 6349
1373 6401
5844 1206
7536 3735
6300 5268
1851 1284
292 2804
9338 6005
4375 9138
4003 9813
8804 26
9385 5763
5708 167
6492 358
3605 3904
371 4619
973 8543
274 887
987 6086
8115 1070
6770 8082
9297 9499
9532 5996
6366 1334
2853 3157
1061 7226
8156 4541
7857 56
8366 3753
8838 8884
8109 3079
2548 7409
9568 2736
5151 8273
988 6608
1937 7639
6513 126
3266 2694
2874 8149
8646 4186
2782 3262
7761 9702
4574 4899
1172 6894
3665 7431
7655 2705
6501 3241
7767 5827
4082 9345
2244 6264
6522 9291
8398 4715
8447 1674
712 5654
5484 7078
1894 3131
3905 5719
451 8607
4599 9832
1605 4507
7136 815
8368 4057
5674 8703
7702 6025
4297 7996
6169 2876
5684 4108
1722 9055
8874 1990
2049 4460
8189 5089
8145 7745
6574 6804
1573 5121
8282 3262
4936 3642
2336 9526
4031 3006
5335 411
5385 6134
