500
500
495 442
132 471
258 350
317 142
374 173
286 97
165 224
309 230
20 93
402 488
18 142
59 355
130 369
271 224
435 193
417 35
81 278
370 499
134 98
67 434
149 104
416 288
249 163
235 152
428 356
300 11
270 465
453 63
314 96
208 433
198 190
329 463
190 47
103 365
42 104
313 103
383 46
190 179
239 44
497 194
223 41
4 335
496 278
266 328
133 71
40 36
107 68
199 202
165 402
128 434
292 216
419 138
378 316
310 11
427 357
369 104
109 330
369 365
494 398
348 220
43 188
2 245
336 271
100 276
277 120
222 317
65 127
390 76
490 160
309 276
41 458
161 452
353 470
217 174
109 369
212 258
284 266
223 456
461 379
22 428
230 456
127 114
273 361
230 81
336 293
469 218
274 365
421 392
396 462
213 465
344 160
104 79
303 381
164 411
51 389
341 156
245 262
322 123
286 240
484 400
472 366
462 464
59 406
448 47
452 423
17 3
188 135
289 432
44 18
149 12
372 289
72 11
192 106
187 365
188 315
99 160
137 374
375 291
307 295
31 151
156 98
127 97
115 228
122 423
103 104
360 410
19 11
26 439
98 148
125 256
259 232
294 139
346 185
91 91
379 374
335 386
52 404
271 71
164 414
188 55
497 270
475 177
340 337
138 350
275 339
76 334
357 366
75 263
254 49
143 127
488 117
203 155
473 185
367 413
286 408
244 225
235 34
84 106
135 439
62 6
245 23
87 300
170 175
99 265
230 168
230 35
275 60
221 283
47 458
390 269
42 444
44 300
108 99
459 361
391 84
419 385
342 206
181 237
248 116
369 221
452 291
262 74
309 330
173 188
64 440
27 410
114 424
368 310
140 259
444 193
363 218
400 381
114 423
31 500
172 244
26 491
217 394
352 221
52 330
388 25
195 277
187 218
487 186
423 23
284 242
166 477
8 480
494 247
117 346
179 76
461 194
61 120
492 303
137 321
133 442
140 160
324 156
77 290
345 421
302 195
486 118
214 56
86 236
383 410
161 208
331 453
468 21
345 376
322 399
428 153
37 281
468 393
22 10
14 130
176 203
346 408
372 295
312 302
130 262
25 28
361 424
460 84
249 379
356 327
135 146
293 494
80 261
389 6
127 405
437 459
322 35
110 212
255 25
56 270
53 237
366 60
373 498
403 70
400 13
403 123
338 363
56 328
293 183
54 409
406 45
477 155
483 261
477 353
265 436
257 477
334 351
320 191
61 21
366 68
217 308
224 485
37 11
369 161
362 46
402 412
290 194
257 478
488 272
407 330
168 118
214 453
138 271
220 334
209 465
70 126
159 377
309 258
471 115
417 370
435 52
78 275
320 457
350 72
377 322
275 101
300 353
231 8
161 205
268 427
37 280
61 278
157 376
215 86
227 386
198 461
204 211
472 97
220 382
69 128
49 191
62 242
333 46
199 131
217 28
432 173
398 419
183 46
463 270
414 295
174 263
114 475
190 137
316 292
186 247
310 412
157 437
422 407
489 478
284 323
110 88
388 366
175 194
445 160
5 172
55 139
82 192
454 248
198 331
460 280
149 399
164 77
375 215
171 161
234 223
403 473
404 305
492 55
14 267
220 152
350 387
286 256
313 165
448 395
479 193
150 267
18 156
50 179
341 460
18 456
415 297
140 154
184 133
225 491
311 199
323 213
7 444
46 461
131 292
68 242
192 285
338 84
28 466
35 44
325 477
64 105
367 7
488 304
97 384
238 71
478 465
484 189
370 204
172 2
245 462
196 106
368 410
240 452
180 128
153 182
498 160
462 206
24 80
124 138
294 432
161 479
354 251
113 124
203 25
23 157
459 435
320 203
279 114
179 223
105 409
315 415
272 447
474 279
363 260
335 391
376 441
216 449
145 256
316 86
492 73
113 56
100 369
467 395
327 75
99 325
86 275
68 441
191 163
443 141
326 131
158 93
252 441
408 72
264 357
263 231
200 198
186 328
313 445
391 114
316 325
442 82
24 478
467 140
428 341
112 181
91 389
499 259
174 218
136 308
181 300
396 131
461 195
338 424
360 223
254 207
211 119
461 286
36 254
358 145
17 486
84 285
454 208
356 391
256 84
221 300
35 142
99 498
41 429
21 162
390 407
273 217
198 394
283 296
443 180
104 436
187 137
70 147
69 299
231 488
97 36
221 314
91 323
42 459
136 351
221 288
129 440
116 338
366 345
184 424
491 120
84 26
68 84
448 285
319 178
123 476
500 2
235 78
447 23
462 10
212 131
243 412
